"HITId";"HITTypeId";"Title";"Description";"Keywords";"Reward";"CreationTime";"MaxAssignments";"RequesterAnnotation";"AssignmentDurationInSeconds";"AutoApprovalDelayInSeconds";"Expiration";"NumberOfSimilarHITs";"LifetimeInSeconds";"AssignmentId";"WorkerId";"AssignmentStatus";"AcceptTime";"SubmitTime";"AutoApprovalTime";"ApprovalTime";"RejectionTime";"RequesterFeedback";"WorkTimeInSeconds";"LifetimeApprovalRate";"Last30DaysApprovalRate";"Last7DaysApprovalRate";"Input.image";"Answer.isit";"Answer.quality";"Approve";"Reject"
"2IKA1QP6AUC2L0M3KESX8V0F5NF70B";"212RJ85OZIZEW9G72NFOV5EWPFPX9P";"Two yes or no questions about a photograph";"Two yes or no questions: Is it blurry? Is it high quality?";"image photograph quality assessment blur blurry computer vision";"$0.01";"Sun May 08 06:27:41 GMT 2011";"5";"";"3600";"604800";"Sun May 15 06:27:41 GMT 2011";"54";"";"20NJ8EBDPGFLLIIM900RSDWII0YG1P";"A184H6C5UDLM8R";"Approved";"Sun May 08 06:29:01 GMT 2011";"Sun May 08 06:33:51 GMT 2011";"Sun May 15 06:33:51 GMT 2011";"Sun May 08 00:34:21 PDT 2011";"";"";"290";"100% (69/69)";"0% (0/0)";"0% (0/0)";"http://www.artoonie.com/projects/imagesorter/data_dance/DSC_0424.jpg";"0";"1"
"2IKA1QP6AUC2L0M3KESX8V0F5NF70B";"212RJ85OZIZEW9G72NFOV5EWPFPX9P";"Two yes or no questions about a photograph";"Two yes or no questions: Is it blurry? Is it high quality?";"image photograph quality assessment blur blurry computer vision";"$0.01";"Sun May 08 06:27:41 GMT 2011";"5";"";"3600";"604800";"Sun May 15 06:27:41 GMT 2011";"54";"";"22NGULF395SWLAMYSTUN3NJBSKYQCK";"A2E6XVPMAI0ON0";"Approved";"Sun May 08 06:36:54 GMT 2011";"Sun May 08 06:37:05 GMT 2011";"Sat May 14 23:37:05 PDT 2011";"Sun May 08 00:34:21 PDT 2011";"";"";"11";"100% (7/7)";"0% (0/0)";"0% (0/0)";"http://www.artoonie.com/projects/imagesorter/data_dance/DSC_0424.jpg";"1";"0"
"2IKA1QP6AUC2L0M3KESX8V0F5NF70B";"212RJ85OZIZEW9G72NFOV5EWPFPX9P";"Two yes or no questions about a photograph";"Two yes or no questions: Is it blurry? Is it high quality?";"image photograph quality assessment blur blurry computer vision";"$0.01";"Sun May 08 06:27:41 GMT 2011";"5";"";"3600";"604800";"Sun May 15 06:27:41 GMT 2011";"54";"";"23UD5NQYN5F35NPDIUPMSCWY5967BW";"A1JRD82HD0LRTK";"Approved";"Sun May 08 06:32:07 GMT 2011";"Sun May 08 06:32:28 GMT 2011";"Sun May 15 06:32:28 GMT 2011";"Sun May 08 00:34:21 PDT 2011";"";"";"21";"100% (8/8)";"0% (0/0)";"0% (0/0)";"http://www.artoonie.com/projects/imagesorter/data_dance/DSC_0424.jpg";"0";"2"
"2IKA1QP6AUC2L0M3KESX8V0F5NF70B";"212RJ85OZIZEW9G72NFOV5EWPFPX9P";"Two yes or no questions about a photograph";"Two yes or no questions: Is it blurry? Is it high quality?";"image photograph quality assessment blur blurry computer vision";"$0.01";"Sun May 08 06:27:41 GMT 2011";"5";"";"3600";"604800";"Sun May 15 06:27:41 GMT 2011";"54";"";"2UEN9U8P9Y388J2UV4JU3IM0DY6WF4";"A18BNK9C6966ZJ";"Approved";"Sun May 08 06:30:46 GMT 2011";"Sun May 08 06:31:03 GMT 2011";"Sun May 15 06:31:03 GMT 2011";"Sun May 08 00:34:21 PDT 2011";"";"";"17";"100% (11/11)";"0% (0/0)";"0% (0/0)";"http://www.artoonie.com/projects/imagesorter/data_dance/DSC_0424.jpg";"0";"1"
"2IKA1QP6AUC2L0M3KESX8V0F5NF70B";"212RJ85OZIZEW9G72NFOV5EWPFPX9P";"Two yes or no questions about a photograph";"Two yes or no questions: Is it blurry? Is it high quality?";"image photograph quality assessment blur blurry computer vision";"$0.01";"Sun May 08 06:27:41 GMT 2011";"5";"";"3600";"604800";"Sun May 15 06:27:41 GMT 2011";"54";"";"2XLBJ3MMDX5F4UT3FL8BEMDXINVZDN";"A16AKSCLSVCW9A";"Approved";"Sun May 08 06:32:05 GMT 2011";"Sun May 08 06:32:12 GMT 2011";"Sun May 15 06:32:12 GMT 2011";"Sun May 08 00:34:22 PDT 2011";"";"";"7";"100% (14/14)";"0% (0/0)";"0% (0/0)";"http://www.artoonie.com/projects/imagesorter/data_dance/DSC_0424.jpg";"0";"1"
"20WNLVWJ5OPBFL1DC9PM1B7EAWWU2K";"212RJ85OZIZEW9G72NFOV5EWPFPX9P";"Two yes or no questions about a photograph";"Two yes or no questions: Is it blurry? Is it high quality?";"image photograph quality assessment blur blurry computer vision";"$0.01";"Sun May 08 06:27:42 GMT 2011";"5";"";"3600";"604800";"Sun May 15 06:27:42 GMT 2011";"55";"";"23Q24E6AUBXHBFN4SM090BZW7WI0W5";"A1JRD82HD0LRTK";"Approved";"Sun May 08 06:28:42 GMT 2011";"Sun May 08 06:29:46 GMT 2011";"Sun May 15 06:29:46 GMT 2011";"Sun May 08 00:34:22 PDT 2011";"";"";"64";"100% (8/8)";"0% (0/0)";"0% (0/0)";"http://www.artoonie.com/projects/imagesorter/data_dance/DSC_0425.jpg";"1";"1"
"20WNLVWJ5OPBFL1DC9PM1B7EAWWU2K";"212RJ85OZIZEW9G72NFOV5EWPFPX9P";"Two yes or no questions about a photograph";"Two yes or no questions: Is it blurry? Is it high quality?";"image photograph quality assessment blur blurry computer vision";"$0.01";"Sun May 08 06:27:42 GMT 2011";"5";"";"3600";"604800";"Sun May 15 06:27:42 GMT 2011";"55";"";"24FU8LZ6R70GKEF5Q9A30E7WMXQ6ML";"A184H6C5UDLM8R";"Approved";"Sun May 08 06:28:44 GMT 2011";"Sun May 08 06:32:08 GMT 2011";"Sun May 15 06:32:08 GMT 2011";"Sun May 08 00:34:22 PDT 2011";"";"";"204";"100% (69/69)";"0% (0/0)";"0% (0/0)";"http://www.artoonie.com/projects/imagesorter/data_dance/DSC_0425.jpg";"1";"0"
"20WNLVWJ5OPBFL1DC9PM1B7EAWWU2K";"212RJ85OZIZEW9G72NFOV5EWPFPX9P";"Two yes or no questions about a photograph";"Two yes or no questions: Is it blurry? Is it high quality?";"image photograph quality assessment blur blurry computer vision";"$0.01";"Sun May 08 06:27:42 GMT 2011";"5";"";"3600";"604800";"Sun May 15 06:27:42 GMT 2011";"55";"";"2DGU3K4F0OHOAE71VYBO7L92BJ9107";"A14IQ4GLNWNPOJ";"Approved";"Sun May 08 06:28:46 GMT 2011";"Sun May 08 06:29:48 GMT 2011";"Sun May 15 06:29:48 GMT 2011";"Sun May 08 00:34:22 PDT 2011";"";"";"62";"100% (8/8)";"0% (0/0)";"0% (0/0)";"http://www.artoonie.com/projects/imagesorter/data_dance/DSC_0425.jpg";"1";"0"
"20WNLVWJ5OPBFL1DC9PM1B7EAWWU2K";"212RJ85OZIZEW9G72NFOV5EWPFPX9P";"Two yes or no questions about a photograph";"Two yes or no questions: Is it blurry? Is it high quality?";"image photograph quality assessment blur blurry computer vision";"$0.01";"Sun May 08 06:27:42 GMT 2011";"5";"";"3600";"604800";"Sun May 15 06:27:42 GMT 2011";"55";"";"2FMUKQOYGNIWGAY51HR157SVAFOZHW";"A18BNK9C6966ZJ";"Approved";"Sun May 08 06:32:19 GMT 2011";"Sun May 08 06:32:28 GMT 2011";"Sun May 15 06:32:28 GMT 2011";"Sun May 08 00:34:22 PDT 2011";"";"";"9";"100% (11/11)";"0% (0/0)";"0% (0/0)";"http://www.artoonie.com/projects/imagesorter/data_dance/DSC_0425.jpg";"1";"0"
"20WNLVWJ5OPBFL1DC9PM1B7EAWWU2K";"212RJ85OZIZEW9G72NFOV5EWPFPX9P";"Two yes or no questions about a photograph";"Two yes or no questions: Is it blurry? Is it high quality?";"image photograph quality assessment blur blurry computer vision";"$0.01";"Sun May 08 06:27:42 GMT 2011";"5";"";"3600";"604800";"Sun May 15 06:27:42 GMT 2011";"55";"";"2P006UFBNFSVVHRCGAWS16NGVKPH3H";"A322Y8X2ZRM8KX";"Approved";"Sun May 08 06:33:50 GMT 2011";"Sun May 08 06:34:11 GMT 2011";"Sat May 14 23:34:11 PDT 2011";"Sun May 08 00:34:23 PDT 2011";"";"";"21";"100% (17/17)";"0% (0/0)";"0% (0/0)";"http://www.artoonie.com/projects/imagesorter/data_dance/DSC_0425.jpg";"1";"0"
"2W80ONNVRH1KWBFBTS27BNV967XWNB";"212RJ85OZIZEW9G72NFOV5EWPFPX9P";"Two yes or no questions about a photograph";"Two yes or no questions: Is it blurry? Is it high quality?";"image photograph quality assessment blur blurry computer vision";"$0.01";"Sun May 08 06:27:42 GMT 2011";"5";"";"3600";"604800";"Sun May 15 06:27:42 GMT 2011";"0";"";"20I7Q67051QKRAXYFUHC6XMGC5TEY5";"A322Y8X2ZRM8KX";"Approved";"Sun May 08 06:44:10 GMT 2011";"Sun May 08 06:44:58 GMT 2011";"Sat May 14 23:44:58 PDT 2011";"Sun May 08 00:34:23 PDT 2011";"";"";"48";"100% (17/17)";"0% (0/0)";"0% (0/0)";"http://www.artoonie.com/projects/imagesorter/data_dance/DSC_0426.jpg";"1";"0"
"2W80ONNVRH1KWBFBTS27BNV967XWNB";"212RJ85OZIZEW9G72NFOV5EWPFPX9P";"Two yes or no questions about a photograph";"Two yes or no questions: Is it blurry? Is it high quality?";"image photograph quality assessment blur blurry computer vision";"$0.01";"Sun May 08 06:27:42 GMT 2011";"5";"";"3600";"604800";"Sun May 15 06:27:42 GMT 2011";"0";"";"25SFK0COK2JEG9DMXL0LWW6OTFARK0";"A24O1Z2LQ1NEBS";"Approved";"Sun May 08 06:43:59 GMT 2011";"Sun May 08 06:44:13 GMT 2011";"Sun May 15 06:44:13 GMT 2011";"Sun May 08 00:34:23 PDT 2011";"";"";"14";"100% (33/33)";"0% (0/0)";"0% (0/0)";"http://www.artoonie.com/projects/imagesorter/data_dance/DSC_0426.jpg";"0";"2"
"2W80ONNVRH1KWBFBTS27BNV967XWNB";"212RJ85OZIZEW9G72NFOV5EWPFPX9P";"Two yes or no questions about a photograph";"Two yes or no questions: Is it blurry? Is it high quality?";"image photograph quality assessment blur blurry computer vision";"$0.01";"Sun May 08 06:27:42 GMT 2011";"5";"";"3600";"604800";"Sun May 15 06:27:42 GMT 2011";"0";"";"2DPUYT3DHJHPJYJAXHVYDRSX320T08";"A2UC0CGDN7919I";"Approved";"Sun May 08 06:40:58 GMT 2011";"Sun May 08 06:41:14 GMT 2011";"Sun May 15 06:41:14 GMT 2011";"Sun May 08 00:34:23 PDT 2011";"";"";"16";"100% (16/16)";"0% (0/0)";"0% (0/0)";"http://www.artoonie.com/projects/imagesorter/data_dance/DSC_0426.jpg";"0";"1"
"2W80ONNVRH1KWBFBTS27BNV967XWNB";"212RJ85OZIZEW9G72NFOV5EWPFPX9P";"Two yes or no questions about a photograph";"Two yes or no questions: Is it blurry? Is it high quality?";"image photograph quality assessment blur blurry computer vision";"$0.01";"Sun May 08 06:27:42 GMT 2011";"5";"";"3600";"604800";"Sun May 15 06:27:42 GMT 2011";"0";"";"2KSRYNJ92NJK1NB8ZKKUMYW2AYNB62";"A184H6C5UDLM8R";"Approved";"Sun May 08 06:38:18 GMT 2011";"Sun May 08 06:38:25 GMT 2011";"Sun May 15 06:38:25 GMT 2011";"Sun May 08 00:34:23 PDT 2011";"";"";"7";"100% (69/69)";"0% (0/0)";"0% (0/0)";"http://www.artoonie.com/projects/imagesorter/data_dance/DSC_0426.jpg";"0";"1"
"2W80ONNVRH1KWBFBTS27BNV967XWNB";"212RJ85OZIZEW9G72NFOV5EWPFPX9P";"Two yes or no questions about a photograph";"Two yes or no questions: Is it blurry? Is it high quality?";"image photograph quality assessment blur blurry computer vision";"$0.01";"Sun May 08 06:27:42 GMT 2011";"5";"";"3600";"604800";"Sun May 15 06:27:42 GMT 2011";"0";"";"2OKCWY2AOO2G19KD1P7QXCM6CF833X";"A3GR63KAHHUXKX";"Approved";"Sun May 08 06:36:32 GMT 2011";"Sun May 08 06:36:47 GMT 2011";"Sun May 15 06:36:47 GMT 2011";"Sun May 08 00:34:23 PDT 2011";"";"";"15";"100% (28/28)";"0% (0/0)";"0% (0/0)";"http://www.artoonie.com/projects/imagesorter/data_dance/DSC_0426.jpg";"0";"1"
"2FN8B727M0IGU7NAE7PFXVF4G5QXCO";"212RJ85OZIZEW9G72NFOV5EWPFPX9P";"Two yes or no questions about a photograph";"Two yes or no questions: Is it blurry? Is it high quality?";"image photograph quality assessment blur blurry computer vision";"$0.01";"Sun May 08 06:27:41 GMT 2011";"5";"";"3600";"604800";"Sun May 15 06:27:41 GMT 2011";"14";"";"2ABG5TYMNCWYQRFCMTJSMX11DTKJN4";"A2SFJVVQBTZGTK";"Approved";"Sun May 08 06:33:47 GMT 2011";"Sun May 08 06:33:59 GMT 2011";"Sun May 15 06:33:59 GMT 2011";"Sun May 08 00:34:23 PDT 2011";"";"";"12";"100% (26/26)";"0% (0/0)";"0% (0/0)";"http://www.artoonie.com/projects/imagesorter/data_dance/DSC_0427.jpg";"1";"0"
"2FN8B727M0IGU7NAE7PFXVF4G5QXCO";"212RJ85OZIZEW9G72NFOV5EWPFPX9P";"Two yes or no questions about a photograph";"Two yes or no questions: Is it blurry? Is it high quality?";"image photograph quality assessment blur blurry computer vision";"$0.01";"Sun May 08 06:27:41 GMT 2011";"5";"";"3600";"604800";"Sun May 15 06:27:41 GMT 2011";"14";"";"2GJLPHIT3HVWPIQFJ3EJV217W47BJ8";"A322Y8X2ZRM8KX";"Approved";"Sun May 08 06:42:02 GMT 2011";"Sun May 08 06:42:22 GMT 2011";"Sat May 14 23:42:22 PDT 2011";"Sun May 08 00:34:23 PDT 2011";"";"";"20";"100% (17/17)";"0% (0/0)";"0% (0/0)";"http://www.artoonie.com/projects/imagesorter/data_dance/DSC_0427.jpg";"1";"0"
"2FN8B727M0IGU7NAE7PFXVF4G5QXCO";"212RJ85OZIZEW9G72NFOV5EWPFPX9P";"Two yes or no questions about a photograph";"Two yes or no questions: Is it blurry? Is it high quality?";"image photograph quality assessment blur blurry computer vision";"$0.01";"Sun May 08 06:27:41 GMT 2011";"5";"";"3600";"604800";"Sun May 15 06:27:41 GMT 2011";"14";"";"2NTX3V0FK0COZPPBENYPPK9LL14GNY";"A24O1Z2LQ1NEBS";"Approved";"Sun May 08 06:42:17 GMT 2011";"Sun May 08 06:42:38 GMT 2011";"Sat May 14 23:42:38 PDT 2011";"Sun May 08 00:34:24 PDT 2011";"";"";"21";"100% (33/33)";"0% (0/0)";"0% (0/0)";"http://www.artoonie.com/projects/imagesorter/data_dance/DSC_0427.jpg";"1";"0"
"2FN8B727M0IGU7NAE7PFXVF4G5QXCO";"212RJ85OZIZEW9G72NFOV5EWPFPX9P";"Two yes or no questions about a photograph";"Two yes or no questions: Is it blurry? Is it high quality?";"image photograph quality assessment blur blurry computer vision";"$0.01";"Sun May 08 06:27:41 GMT 2011";"5";"";"3600";"604800";"Sun May 15 06:27:41 GMT 2011";"14";"";"2WAKMN9U8P9YIVZT9Y93XUYIG5GUDT";"A184H6C5UDLM8R";"Approved";"Sun May 08 06:37:28 GMT 2011";"Sun May 08 06:38:45 GMT 2011";"Sun May 15 06:38:45 GMT 2011";"Sun May 08 00:34:24 PDT 2011";"";"";"77";"100% (69/69)";"0% (0/0)";"0% (0/0)";"http://www.artoonie.com/projects/imagesorter/data_dance/DSC_0427.jpg";"1";"0"
"2FN8B727M0IGU7NAE7PFXVF4G5QXCO";"212RJ85OZIZEW9G72NFOV5EWPFPX9P";"Two yes or no questions about a photograph";"Two yes or no questions: Is it blurry? Is it high quality?";"image photograph quality assessment blur blurry computer vision";"$0.01";"Sun May 08 06:27:41 GMT 2011";"5";"";"3600";"604800";"Sun May 15 06:27:41 GMT 2011";"14";"";"2Y9OVR14IXKOH8FZUF3WF6X3STA98C";"A3FW98CTBGUPDI";"Approved";"Sun May 08 06:39:42 GMT 2011";"Sun May 08 06:39:55 GMT 2011";"Sun May 15 06:39:55 GMT 2011";"Sun May 08 00:34:24 PDT 2011";"";"";"13";"100% (14/14)";"0% (0/0)";"0% (0/0)";"http://www.artoonie.com/projects/imagesorter/data_dance/DSC_0427.jpg";"1";"0"
"2CO6RLPHIT3HAJGSXJX2SJQ2MU59HR";"212RJ85OZIZEW9G72NFOV5EWPFPX9P";"Two yes or no questions about a photograph";"Two yes or no questions: Is it blurry? Is it high quality?";"image photograph quality assessment blur blurry computer vision";"$0.01";"Sun May 08 06:27:42 GMT 2011";"5";"";"3600";"604800";"Sun May 15 06:27:42 GMT 2011";"14";"";"20AHPCGJ2D213Q22AIRJUPSIWPW4AF";"A184H6C5UDLM8R";"Approved";"Sun May 08 06:40:24 GMT 2011";"Sun May 08 06:40:36 GMT 2011";"Sun May 15 06:40:36 GMT 2011";"Sun May 08 00:34:24 PDT 2011";"";"";"12";"100% (69/69)";"0% (0/0)";"0% (0/0)";"http://www.artoonie.com/projects/imagesorter/data_dance/DSC_0428.jpg";"1";"0"
"2CO6RLPHIT3HAJGSXJX2SJQ2MU59HR";"212RJ85OZIZEW9G72NFOV5EWPFPX9P";"Two yes or no questions about a photograph";"Two yes or no questions: Is it blurry? Is it high quality?";"image photograph quality assessment blur blurry computer vision";"$0.01";"Sun May 08 06:27:42 GMT 2011";"5";"";"3600";"604800";"Sun May 15 06:27:42 GMT 2011";"14";"";"2CYDG67D1X3VF2QXPPB2OE1M1UIAH7";"A3GR63KAHHUXKX";"Approved";"Sun May 08 06:34:58 GMT 2011";"Sun May 08 06:35:18 GMT 2011";"Sun May 15 06:35:18 GMT 2011";"Sun May 08 00:34:24 PDT 2011";"";"";"20";"100% (28/28)";"0% (0/0)";"0% (0/0)";"http://www.artoonie.com/projects/imagesorter/data_dance/DSC_0428.jpg";"1";"0"
"2CO6RLPHIT3HAJGSXJX2SJQ2MU59HR";"212RJ85OZIZEW9G72NFOV5EWPFPX9P";"Two yes or no questions about a photograph";"Two yes or no questions: Is it blurry? Is it high quality?";"image photograph quality assessment blur blurry computer vision";"$0.01";"Sun May 08 06:27:42 GMT 2011";"5";"";"3600";"604800";"Sun May 15 06:27:42 GMT 2011";"14";"";"2K36BFMFFOYYXG7QWG4GJSC0L2ULYZ";"A1JT9VBZ87MNXN";"Approved";"Sun May 08 06:42:05 GMT 2011";"Sun May 08 06:42:35 GMT 2011";"Sat May 14 23:42:35 PDT 2011";"Sun May 08 00:34:24 PDT 2011";"";"";"30";"100% (5/5)";"0% (0/0)";"0% (0/0)";"http://www.artoonie.com/projects/imagesorter/data_dance/DSC_0428.jpg";"1";"0"
"2CO6RLPHIT3HAJGSXJX2SJQ2MU59HR";"212RJ85OZIZEW9G72NFOV5EWPFPX9P";"Two yes or no questions about a photograph";"Two yes or no questions: Is it blurry? Is it high quality?";"image photograph quality assessment blur blurry computer vision";"$0.01";"Sun May 08 06:27:42 GMT 2011";"5";"";"3600";"604800";"Sun May 15 06:27:42 GMT 2011";"14";"";"2N52AC9KSSZVCK8NH6LUPQOYASGJ1X";"A24O1Z2LQ1NEBS";"Approved";"Sun May 08 06:40:46 GMT 2011";"Sun May 08 06:41:02 GMT 2011";"Sun May 15 06:41:02 GMT 2011";"Sun May 08 00:34:24 PDT 2011";"";"";"16";"100% (33/33)";"0% (0/0)";"0% (0/0)";"http://www.artoonie.com/projects/imagesorter/data_dance/DSC_0428.jpg";"1";"0"
"2CO6RLPHIT3HAJGSXJX2SJQ2MU59HR";"212RJ85OZIZEW9G72NFOV5EWPFPX9P";"Two yes or no questions about a photograph";"Two yes or no questions: Is it blurry? Is it high quality?";"image photograph quality assessment blur blurry computer vision";"$0.01";"Sun May 08 06:27:42 GMT 2011";"5";"";"3600";"604800";"Sun May 15 06:27:42 GMT 2011";"14";"";"2UU74J79KQW6GVT1JVOFHD45RHBHJT";"A3BY7T9U69F9DZ";"Approved";"Sun May 08 06:34:53 GMT 2011";"Sun May 08 06:34:58 GMT 2011";"Sun May 15 06:34:58 GMT 2011";"Sun May 08 00:34:24 PDT 2011";"";"";"5";"100% (22/22)";"0% (0/0)";"0% (0/0)";"http://www.artoonie.com/projects/imagesorter/data_dance/DSC_0428.jpg";"1";"0"
"25F7H57DZKPFTRKDQI4M75L83WQC2T";"212RJ85OZIZEW9G72NFOV5EWPFPX9P";"Two yes or no questions about a photograph";"Two yes or no questions: Is it blurry? Is it high quality?";"image photograph quality assessment blur blurry computer vision";"$0.01";"Sun May 08 06:27:42 GMT 2011";"5";"";"3600";"604800";"Sun May 15 06:27:42 GMT 2011";"14";"";"24FU8LZ6R70GKEF5Q9A30E7WMXQM61";"A3GR63KAHHUXKX";"Approved";"Sun May 08 06:36:02 GMT 2011";"Sun May 08 06:36:13 GMT 2011";"Sun May 15 06:36:13 GMT 2011";"Sun May 08 00:34:24 PDT 2011";"";"";"11";"100% (28/28)";"0% (0/0)";"0% (0/0)";"http://www.artoonie.com/projects/imagesorter/data_dance/DSC_0429.jpg";"0";"1"
"25F7H57DZKPFTRKDQI4M75L83WQC2T";"212RJ85OZIZEW9G72NFOV5EWPFPX9P";"Two yes or no questions about a photograph";"Two yes or no questions: Is it blurry? Is it high quality?";"image photograph quality assessment blur blurry computer vision";"$0.01";"Sun May 08 06:27:42 GMT 2011";"5";"";"3600";"604800";"Sun May 15 06:27:42 GMT 2011";"14";"";"2FTY7QEOZFYQ7OIP6NFF2RDSYN9FIH";"A2SFJVVQBTZGTK";"Approved";"Sun May 08 06:39:18 GMT 2011";"Sun May 08 06:43:03 GMT 2011";"Sat May 14 23:43:03 PDT 2011";"Sun May 08 00:34:25 PDT 2011";"";"";"225";"100% (26/26)";"0% (0/0)";"0% (0/0)";"http://www.artoonie.com/projects/imagesorter/data_dance/DSC_0429.jpg";"1";"1"
"25F7H57DZKPFTRKDQI4M75L83WQC2T";"212RJ85OZIZEW9G72NFOV5EWPFPX9P";"Two yes or no questions about a photograph";"Two yes or no questions: Is it blurry? Is it high quality?";"image photograph quality assessment blur blurry computer vision";"$0.01";"Sun May 08 06:27:42 GMT 2011";"5";"";"3600";"604800";"Sun May 15 06:27:42 GMT 2011";"14";"";"2N58XMB3Q39ZFYCR6PXT9EVSN0OHS9";"A3BY7T9U69F9DZ";"Approved";"Sun May 08 06:36:07 GMT 2011";"Sun May 08 06:36:16 GMT 2011";"Sun May 15 06:36:16 GMT 2011";"Sun May 08 00:34:25 PDT 2011";"";"";"9";"100% (22/22)";"0% (0/0)";"0% (0/0)";"http://www.artoonie.com/projects/imagesorter/data_dance/DSC_0429.jpg";"1";"0"
"25F7H57DZKPFTRKDQI4M75L83WQC2T";"212RJ85OZIZEW9G72NFOV5EWPFPX9P";"Two yes or no questions about a photograph";"Two yes or no questions: Is it blurry? Is it high quality?";"image photograph quality assessment blur blurry computer vision";"$0.01";"Sun May 08 06:27:42 GMT 2011";"5";"";"3600";"604800";"Sun May 15 06:27:42 GMT 2011";"14";"";"2SPKO2L92HECBXCUGZFCHF0CJAHFGP";"A2UC0CGDN7919I";"Approved";"Sun May 08 06:39:10 GMT 2011";"Sun May 08 06:39:37 GMT 2011";"Sun May 15 06:39:37 GMT 2011";"Sun May 08 00:34:25 PDT 2011";"";"";"27";"100% (16/16)";"0% (0/0)";"0% (0/0)";"http://www.artoonie.com/projects/imagesorter/data_dance/DSC_0429.jpg";"1";"2"
"25F7H57DZKPFTRKDQI4M75L83WQC2T";"212RJ85OZIZEW9G72NFOV5EWPFPX9P";"Two yes or no questions about a photograph";"Two yes or no questions: Is it blurry? Is it high quality?";"image photograph quality assessment blur blurry computer vision";"$0.01";"Sun May 08 06:27:42 GMT 2011";"5";"";"3600";"604800";"Sun May 15 06:27:42 GMT 2011";"14";"";"2YV3FDEY5COWF8MOC4ZCWFLC00KT2S";"A24O1Z2LQ1NEBS";"Approved";"Sun May 08 06:41:03 GMT 2011";"Sun May 08 06:41:18 GMT 2011";"Sun May 15 06:41:18 GMT 2011";"Sun May 08 00:34:25 PDT 2011";"";"";"15";"100% (33/33)";"0% (0/0)";"0% (0/0)";"http://www.artoonie.com/projects/imagesorter/data_dance/DSC_0429.jpg";"1";"1"
"2AG24E6AUBXHBFN4SM090BZWYENW01";"212RJ85OZIZEW9G72NFOV5EWPFPX9P";"Two yes or no questions about a photograph";"Two yes or no questions: Is it blurry? Is it high quality?";"image photograph quality assessment blur blurry computer vision";"$0.01";"Sun May 08 06:27:42 GMT 2011";"5";"";"3600";"604800";"Sun May 15 06:27:42 GMT 2011";"32";"";"26QB49F9SSSHCO7G1OJTAH5F2O0SWJ";"A184H6C5UDLM8R";"Approved";"Sun May 08 06:28:47 GMT 2011";"Sun May 08 06:32:19 GMT 2011";"Sun May 15 06:32:19 GMT 2011";"Sun May 08 00:34:25 PDT 2011";"";"";"212";"100% (69/69)";"0% (0/0)";"0% (0/0)";"http://www.artoonie.com/projects/imagesorter/data_dance/DSC_0430.jpg";"1";"0"
"2AG24E6AUBXHBFN4SM090BZWYENW01";"212RJ85OZIZEW9G72NFOV5EWPFPX9P";"Two yes or no questions about a photograph";"Two yes or no questions: Is it blurry? Is it high quality?";"image photograph quality assessment blur blurry computer vision";"$0.01";"Sun May 08 06:27:42 GMT 2011";"5";"";"3600";"604800";"Sun May 15 06:27:42 GMT 2011";"32";"";"2JKKMT6YTWX4WQNZ2CVDE9GI0NH0VW";"A2GCXGEGMDRDX8";"Approved";"Sun May 08 06:37:41 GMT 2011";"Sun May 08 06:38:22 GMT 2011";"Sun May 15 06:38:22 GMT 2011";"Sun May 08 00:34:25 PDT 2011";"";"";"41";"100% (1/1)";"0% (0/0)";"0% (0/0)";"http://www.artoonie.com/projects/imagesorter/data_dance/DSC_0430.jpg";"1";"1"
"2AG24E6AUBXHBFN4SM090BZWYENW01";"212RJ85OZIZEW9G72NFOV5EWPFPX9P";"Two yes or no questions about a photograph";"Two yes or no questions: Is it blurry? Is it high quality?";"image photograph quality assessment blur blurry computer vision";"$0.01";"Sun May 08 06:27:42 GMT 2011";"5";"";"3600";"604800";"Sun May 15 06:27:42 GMT 2011";"32";"";"2LFFSVGULF39KF230HSFX3NYHO99N0";"A3FW98CTBGUPDI";"Approved";"Sun May 08 06:40:24 GMT 2011";"Sun May 08 06:40:44 GMT 2011";"Sat May 14 23:40:44 PDT 2011";"Sun May 08 00:34:26 PDT 2011";"";"";"20";"100% (14/14)";"0% (0/0)";"0% (0/0)";"http://www.artoonie.com/projects/imagesorter/data_dance/DSC_0430.jpg";"1";"1"
"2AG24E6AUBXHBFN4SM090BZWYENW01";"212RJ85OZIZEW9G72NFOV5EWPFPX9P";"Two yes or no questions about a photograph";"Two yes or no questions: Is it blurry? Is it high quality?";"image photograph quality assessment blur blurry computer vision";"$0.01";"Sun May 08 06:27:42 GMT 2011";"5";"";"3600";"604800";"Sun May 15 06:27:42 GMT 2011";"32";"";"2RQ5PQJQ9OPL0KI47NIXL8KCI4J0Y5";"A2UC0CGDN7919I";"Approved";"Sun May 08 06:37:49 GMT 2011";"Sun May 08 06:38:17 GMT 2011";"Sun May 15 06:38:17 GMT 2011";"Sun May 08 00:34:26 PDT 2011";"";"";"28";"100% (16/16)";"0% (0/0)";"0% (0/0)";"http://www.artoonie.com/projects/imagesorter/data_dance/DSC_0430.jpg";"1";"1"
"2AG24E6AUBXHBFN4SM090BZWYENW01";"212RJ85OZIZEW9G72NFOV5EWPFPX9P";"Two yes or no questions about a photograph";"Two yes or no questions: Is it blurry? Is it high quality?";"image photograph quality assessment blur blurry computer vision";"$0.01";"Sun May 08 06:27:42 GMT 2011";"5";"";"3600";"604800";"Sun May 15 06:27:42 GMT 2011";"32";"";"2U1RJ85OZIZEW9G72NFOV5EWJ2IX97";"AA3V5BYE3MSQW";"Approved";"Sun May 08 06:34:23 GMT 2011";"Sun May 08 06:34:32 GMT 2011";"Sun May 15 06:34:32 GMT 2011";"Sun May 08 00:34:26 PDT 2011";"";"";"9";"100% (6/6)";"0% (0/0)";"0% (0/0)";"http://www.artoonie.com/projects/imagesorter/data_dance/DSC_0430.jpg";"1";"1"
"2F5J92NJKM05Q9PQ7IPW7GTPUEDE9G";"212RJ85OZIZEW9G72NFOV5EWPFPX9P";"Two yes or no questions about a photograph";"Two yes or no questions: Is it blurry? Is it high quality?";"image photograph quality assessment blur blurry computer vision";"$0.01";"Sun May 08 06:27:42 GMT 2011";"5";"";"3600";"604800";"Sun May 15 06:27:42 GMT 2011";"40";"";"25OJ5OPB0YVGEV4J9CYEU9U3V74Y63";"AR0G5UWWA0BHI";"Approved";"Sun May 08 06:39:14 GMT 2011";"Sun May 08 06:39:31 GMT 2011";"Sat May 14 23:39:31 PDT 2011";"Sun May 08 00:34:26 PDT 2011";"";"";"17";"100% (39/39)";"0% (0/0)";"0% (0/0)";"http://www.artoonie.com/projects/imagesorter/data_dance/DSC_0431.jpg";"1";"1"
"2F5J92NJKM05Q9PQ7IPW7GTPUEDE9G";"212RJ85OZIZEW9G72NFOV5EWPFPX9P";"Two yes or no questions about a photograph";"Two yes or no questions: Is it blurry? Is it high quality?";"image photograph quality assessment blur blurry computer vision";"$0.01";"Sun May 08 06:27:42 GMT 2011";"5";"";"3600";"604800";"Sun May 15 06:27:42 GMT 2011";"40";"";"26Q2AOO2GMMEVBUD3T3MBIAAWXC66C";"A3BY7T9U69F9DZ";"Approved";"Sun May 08 06:36:58 GMT 2011";"Sun May 08 06:37:06 GMT 2011";"Sun May 15 06:37:06 GMT 2011";"Sun May 08 00:34:26 PDT 2011";"";"";"8";"100% (22/22)";"0% (0/0)";"0% (0/0)";"http://www.artoonie.com/projects/imagesorter/data_dance/DSC_0431.jpg";"1";"1"
"2F5J92NJKM05Q9PQ7IPW7GTPUEDE9G";"212RJ85OZIZEW9G72NFOV5EWPFPX9P";"Two yes or no questions about a photograph";"Two yes or no questions: Is it blurry? Is it high quality?";"image photograph quality assessment blur blurry computer vision";"$0.01";"Sun May 08 06:27:42 GMT 2011";"5";"";"3600";"604800";"Sun May 15 06:27:42 GMT 2011";"40";"";"2DGH1XERSQV6LERMUJK3MVWAPPG08R";"A3GR63KAHHUXKX";"Approved";"Sun May 08 06:35:19 GMT 2011";"Sun May 08 06:35:37 GMT 2011";"Sun May 15 06:35:37 GMT 2011";"Sun May 08 00:34:26 PDT 2011";"";"";"18";"100% (28/28)";"0% (0/0)";"0% (0/0)";"http://www.artoonie.com/projects/imagesorter/data_dance/DSC_0431.jpg";"0";"1"
"2F5J92NJKM05Q9PQ7IPW7GTPUEDE9G";"212RJ85OZIZEW9G72NFOV5EWPFPX9P";"Two yes or no questions about a photograph";"Two yes or no questions: Is it blurry? Is it high quality?";"image photograph quality assessment blur blurry computer vision";"$0.01";"Sun May 08 06:27:42 GMT 2011";"5";"";"3600";"604800";"Sun May 15 06:27:42 GMT 2011";"40";"";"2DLVOK5UFJ51DUWB106YVS1CMYK96Q";"A3FW98CTBGUPDI";"Approved";"Sun May 08 06:39:26 GMT 2011";"Sun May 08 06:39:42 GMT 2011";"Sat May 14 23:39:42 PDT 2011";"Sun May 08 00:34:26 PDT 2011";"";"";"16";"100% (14/14)";"0% (0/0)";"0% (0/0)";"http://www.artoonie.com/projects/imagesorter/data_dance/DSC_0431.jpg";"0";"1"
"2F5J92NJKM05Q9PQ7IPW7GTPUEDE9G";"212RJ85OZIZEW9G72NFOV5EWPFPX9P";"Two yes or no questions about a photograph";"Two yes or no questions: Is it blurry? Is it high quality?";"image photograph quality assessment blur blurry computer vision";"$0.01";"Sun May 08 06:27:42 GMT 2011";"5";"";"3600";"604800";"Sun May 15 06:27:42 GMT 2011";"40";"";"2XXF3Q0JG5TY1AITBCV9K9SSMMTIE1";"A184H6C5UDLM8R";"Approved";"Sun May 08 06:28:35 GMT 2011";"Sun May 08 06:30:07 GMT 2011";"Sun May 15 06:30:07 GMT 2011";"Sun May 08 00:34:26 PDT 2011";"";"";"92";"100% (69/69)";"0% (0/0)";"0% (0/0)";"http://www.artoonie.com/projects/imagesorter/data_dance/DSC_0431.jpg";"0";"1"
"218W618N46UXUZJ1IY3EYNDS8GNOQG";"212RJ85OZIZEW9G72NFOV5EWPFPX9P";"Two yes or no questions about a photograph";"Two yes or no questions: Is it blurry? Is it high quality?";"image photograph quality assessment blur blurry computer vision";"$0.01";"Sun May 08 06:27:42 GMT 2011";"5";"";"3600";"604800";"Sun May 15 06:27:42 GMT 2011";"14";"";"240LZ6R70G5ROVJ5W4MECWSSNSW8OP";"A2SFJVVQBTZGTK";"Approved";"Sun May 08 06:37:45 GMT 2011";"Sun May 08 06:38:03 GMT 2011";"Sun May 15 06:38:03 GMT 2011";"Sun May 08 00:34:27 PDT 2011";"";"";"18";"100% (26/26)";"0% (0/0)";"0% (0/0)";"http://www.artoonie.com/projects/imagesorter/data_dance/DSC_0432.jpg";"1";"2"
"218W618N46UXUZJ1IY3EYNDS8GNOQG";"212RJ85OZIZEW9G72NFOV5EWPFPX9P";"Two yes or no questions about a photograph";"Two yes or no questions: Is it blurry? Is it high quality?";"image photograph quality assessment blur blurry computer vision";"$0.01";"Sun May 08 06:27:42 GMT 2011";"5";"";"3600";"604800";"Sun May 15 06:27:42 GMT 2011";"14";"";"27CO2L92HECWPT30BP3CK0CPZPVGHP";"A24O1Z2LQ1NEBS";"Approved";"Sun May 08 06:41:54 GMT 2011";"Sun May 08 06:42:05 GMT 2011";"Sat May 14 23:42:05 PDT 2011";"Sun May 08 00:34:27 PDT 2011";"";"";"11";"100% (33/33)";"0% (0/0)";"0% (0/0)";"http://www.artoonie.com/projects/imagesorter/data_dance/DSC_0432.jpg";"0";"2"
"218W618N46UXUZJ1IY3EYNDS8GNOQG";"212RJ85OZIZEW9G72NFOV5EWPFPX9P";"Two yes or no questions about a photograph";"Two yes or no questions: Is it blurry? Is it high quality?";"image photograph quality assessment blur blurry computer vision";"$0.01";"Sun May 08 06:27:42 GMT 2011";"5";"";"3600";"604800";"Sun May 15 06:27:42 GMT 2011";"14";"";"29UMIKMN9U8POL956XNXN3SUSNJBSN";"A16AKSCLSVCW9A";"Approved";"Sun May 08 06:31:42 GMT 2011";"Sun May 08 06:31:50 GMT 2011";"Sun May 15 06:31:50 GMT 2011";"Sun May 08 00:34:27 PDT 2011";"";"";"8";"100% (14/14)";"0% (0/0)";"0% (0/0)";"http://www.artoonie.com/projects/imagesorter/data_dance/DSC_0432.jpg";"0";"2"
"218W618N46UXUZJ1IY3EYNDS8GNOQG";"212RJ85OZIZEW9G72NFOV5EWPFPX9P";"Two yes or no questions about a photograph";"Two yes or no questions: Is it blurry? Is it high quality?";"image photograph quality assessment blur blurry computer vision";"$0.01";"Sun May 08 06:27:42 GMT 2011";"5";"";"3600";"604800";"Sun May 15 06:27:42 GMT 2011";"14";"";"2ADWSBRI8IUBHL06LK8SYLB3F5D3F6";"A3FW98CTBGUPDI";"Approved";"Sun May 08 06:37:42 GMT 2011";"Sun May 08 06:37:58 GMT 2011";"Sun May 15 06:37:58 GMT 2011";"Sun May 08 00:34:27 PDT 2011";"";"";"16";"100% (14/14)";"0% (0/0)";"0% (0/0)";"http://www.artoonie.com/projects/imagesorter/data_dance/DSC_0432.jpg";"0";"2"
"218W618N46UXUZJ1IY3EYNDS8GNOQG";"212RJ85OZIZEW9G72NFOV5EWPFPX9P";"Two yes or no questions about a photograph";"Two yes or no questions: Is it blurry? Is it high quality?";"image photograph quality assessment blur blurry computer vision";"$0.01";"Sun May 08 06:27:42 GMT 2011";"5";"";"3600";"604800";"Sun May 15 06:27:42 GMT 2011";"14";"";"2LEJTUHYW2GT4WX7KTWWR169SXLPK5";"A184H6C5UDLM8R";"Approved";"Sun May 08 06:34:05 GMT 2011";"Sun May 08 06:34:17 GMT 2011";"Sun May 15 06:34:17 GMT 2011";"Sun May 08 00:34:27 PDT 2011";"";"";"12";"100% (69/69)";"0% (0/0)";"0% (0/0)";"http://www.artoonie.com/projects/imagesorter/data_dance/DSC_0432.jpg";"0";"2"
"2GOKW4ZMAZHH6ERC31FNSVRHM7K9IK";"212RJ85OZIZEW9G72NFOV5EWPFPX9P";"Two yes or no questions about a photograph";"Two yes or no questions: Is it blurry? Is it high quality?";"image photograph quality assessment blur blurry computer vision";"$0.01";"Sun May 08 06:27:42 GMT 2011";"5";"";"3600";"604800";"Sun May 15 06:27:42 GMT 2011";"32";"";"25Y6RLPHIT3HAJGSXJX2SJQ2VC09HR";"AR0G5UWWA0BHI";"Approved";"Sun May 08 06:40:09 GMT 2011";"Sun May 08 06:40:28 GMT 2011";"Sat May 14 23:40:28 PDT 2011";"Sun May 08 00:34:27 PDT 2011";"";"";"19";"100% (39/39)";"0% (0/0)";"0% (0/0)";"http://www.artoonie.com/projects/imagesorter/data_dance/DSC_0435.jpg";"1";"0"
"2GOKW4ZMAZHH6ERC31FNSVRHM7K9IK";"212RJ85OZIZEW9G72NFOV5EWPFPX9P";"Two yes or no questions about a photograph";"Two yes or no questions: Is it blurry? Is it high quality?";"image photograph quality assessment blur blurry computer vision";"$0.01";"Sun May 08 06:27:42 GMT 2011";"5";"";"3600";"604800";"Sun May 15 06:27:42 GMT 2011";"32";"";"2AT1K274J79K5JCYLOV6ZXFC792GE8";"A2SFJVVQBTZGTK";"Approved";"Sun May 08 06:30:22 GMT 2011";"Sun May 08 06:30:47 GMT 2011";"Sun May 15 06:30:47 GMT 2011";"Sun May 08 00:34:27 PDT 2011";"";"";"25";"100% (26/26)";"0% (0/0)";"0% (0/0)";"http://www.artoonie.com/projects/imagesorter/data_dance/DSC_0435.jpg";"1";"0"
"2GOKW4ZMAZHH6ERC31FNSVRHM7K9IK";"212RJ85OZIZEW9G72NFOV5EWPFPX9P";"Two yes or no questions about a photograph";"Two yes or no questions: Is it blurry? Is it high quality?";"image photograph quality assessment blur blurry computer vision";"$0.01";"Sun May 08 06:27:42 GMT 2011";"5";"";"3600";"604800";"Sun May 15 06:27:42 GMT 2011";"32";"";"2EB3NAB6BFMFUB4VVUSTOFDG8X9HUP";"A3FW98CTBGUPDI";"Approved";"Sun May 08 06:36:57 GMT 2011";"Sun May 08 06:37:17 GMT 2011";"Sun May 15 06:37:17 GMT 2011";"Sun May 08 00:34:27 PDT 2011";"";"";"20";"100% (14/14)";"0% (0/0)";"0% (0/0)";"http://www.artoonie.com/projects/imagesorter/data_dance/DSC_0435.jpg";"0";"1"
"2GOKW4ZMAZHH6ERC31FNSVRHM7K9IK";"212RJ85OZIZEW9G72NFOV5EWPFPX9P";"Two yes or no questions about a photograph";"Two yes or no questions: Is it blurry? Is it high quality?";"image photograph quality assessment blur blurry computer vision";"$0.01";"Sun May 08 06:27:42 GMT 2011";"5";"";"3600";"604800";"Sun May 15 06:27:42 GMT 2011";"32";"";"2HW6OQ1SNQQ75TDXI2HKHNR1WYN6Q8";"A184H6C5UDLM8R";"Approved";"Sun May 08 06:29:58 GMT 2011";"Sun May 08 06:30:12 GMT 2011";"Sun May 15 06:30:12 GMT 2011";"Sun May 08 00:34:28 PDT 2011";"";"";"14";"100% (69/69)";"0% (0/0)";"0% (0/0)";"http://www.artoonie.com/projects/imagesorter/data_dance/DSC_0435.jpg";"1";"0"
"2GOKW4ZMAZHH6ERC31FNSVRHM7K9IK";"212RJ85OZIZEW9G72NFOV5EWPFPX9P";"Two yes or no questions about a photograph";"Two yes or no questions: Is it blurry? Is it high quality?";"image photograph quality assessment blur blurry computer vision";"$0.01";"Sun May 08 06:27:42 GMT 2011";"5";"";"3600";"604800";"Sun May 15 06:27:42 GMT 2011";"32";"";"2YP7H57DZKPFTRKDQI4M75L8CEKC2S";"A18BNK9C6966ZJ";"Approved";"Sun May 08 06:32:28 GMT 2011";"Sun May 08 06:32:37 GMT 2011";"Sun May 15 06:32:37 GMT 2011";"Sun May 08 00:34:28 PDT 2011";"";"";"9";"100% (11/11)";"0% (0/0)";"0% (0/0)";"http://www.artoonie.com/projects/imagesorter/data_dance/DSC_0435.jpg";"1";"0"
"2LNUUKQOYGNIBOTPLP70607SG3DGYO";"212RJ85OZIZEW9G72NFOV5EWPFPX9P";"Two yes or no questions about a photograph";"Two yes or no questions: Is it blurry? Is it high quality?";"image photograph quality assessment blur blurry computer vision";"$0.01";"Sun May 08 06:27:42 GMT 2011";"5";"";"3600";"604800";"Sun May 15 06:27:42 GMT 2011";"14";"";"2118D8J3VE7W7FZKBD73RCK84Y0IYI";"AR0G5UWWA0BHI";"Approved";"Sun May 08 06:40:29 GMT 2011";"Sun May 08 06:40:51 GMT 2011";"Sun May 15 06:40:51 GMT 2011";"Sun May 08 00:34:28 PDT 2011";"";"";"22";"100% (39/39)";"0% (0/0)";"0% (0/0)";"http://www.artoonie.com/projects/imagesorter/data_dance/DSC_0436.jpg";"0";"2"
"2LNUUKQOYGNIBOTPLP70607SG3DGYO";"212RJ85OZIZEW9G72NFOV5EWPFPX9P";"Two yes or no questions about a photograph";"Two yes or no questions: Is it blurry? Is it high quality?";"image photograph quality assessment blur blurry computer vision";"$0.01";"Sun May 08 06:27:42 GMT 2011";"5";"";"3600";"604800";"Sun May 15 06:27:42 GMT 2011";"14";"";"2A4OK2JE1M7PZ7FI4XXO4AC0YQWVOG";"A2UC0CGDN7919I";"Approved";"Sun May 08 06:43:48 GMT 2011";"Sun May 08 06:44:35 GMT 2011";"Sat May 14 23:44:35 PDT 2011";"Sun May 08 00:34:28 PDT 2011";"";"";"47";"100% (16/16)";"0% (0/0)";"0% (0/0)";"http://www.artoonie.com/projects/imagesorter/data_dance/DSC_0436.jpg";"0";"2"
"2LNUUKQOYGNIBOTPLP70607SG3DGYO";"212RJ85OZIZEW9G72NFOV5EWPFPX9P";"Two yes or no questions about a photograph";"Two yes or no questions: Is it blurry? Is it high quality?";"image photograph quality assessment blur blurry computer vision";"$0.01";"Sun May 08 06:27:42 GMT 2011";"5";"";"3600";"604800";"Sun May 15 06:27:42 GMT 2011";"14";"";"2C8TP9RA7S5W1OC6BTFFC0JMBQ7XSI";"A184H6C5UDLM8R";"Approved";"Sun May 08 06:37:17 GMT 2011";"Sun May 08 06:38:00 GMT 2011";"Sun May 15 06:38:00 GMT 2011";"Sun May 08 00:34:28 PDT 2011";"";"";"43";"100% (69/69)";"0% (0/0)";"0% (0/0)";"http://www.artoonie.com/projects/imagesorter/data_dance/DSC_0436.jpg";"0";"2"
"2LNUUKQOYGNIBOTPLP70607SG3DGYO";"212RJ85OZIZEW9G72NFOV5EWPFPX9P";"Two yes or no questions about a photograph";"Two yes or no questions: Is it blurry? Is it high quality?";"image photograph quality assessment blur blurry computer vision";"$0.01";"Sun May 08 06:27:42 GMT 2011";"5";"";"3600";"604800";"Sun May 15 06:27:42 GMT 2011";"14";"";"2N0XMB3Q39Z0QT0Q17K4JVSTPWGTI2";"A2SFJVVQBTZGTK";"Approved";"Sun May 08 06:31:07 GMT 2011";"Sun May 08 06:31:25 GMT 2011";"Sun May 15 06:31:25 GMT 2011";"Sun May 08 00:34:28 PDT 2011";"";"";"18";"100% (26/26)";"0% (0/0)";"0% (0/0)";"http://www.artoonie.com/projects/imagesorter/data_dance/DSC_0436.jpg";"1";"1"
"2LNUUKQOYGNIBOTPLP70607SG3DGYO";"212RJ85OZIZEW9G72NFOV5EWPFPX9P";"Two yes or no questions about a photograph";"Two yes or no questions: Is it blurry? Is it high quality?";"image photograph quality assessment blur blurry computer vision";"$0.01";"Sun May 08 06:27:42 GMT 2011";"5";"";"3600";"604800";"Sun May 15 06:27:42 GMT 2011";"14";"";"2PVQ0JG5TYMNRJ48HA69XSSHR6YKGW";"A2E6XVPMAI0ON0";"Approved";"Sun May 08 06:36:37 GMT 2011";"Sun May 08 06:36:53 GMT 2011";"Sun May 15 06:36:53 GMT 2011";"Sun May 08 00:34:28 PDT 2011";"";"";"16";"100% (7/7)";"0% (0/0)";"0% (0/0)";"http://www.artoonie.com/projects/imagesorter/data_dance/DSC_0436.jpg";"0";"1"
"2IF3V0FK0COKH6KYZ8GKP9LRHTQOHJ";"212RJ85OZIZEW9G72NFOV5EWPFPX9P";"Two yes or no questions about a photograph";"Two yes or no questions: Is it blurry? Is it high quality?";"image photograph quality assessment blur blurry computer vision";"$0.01";"Sun May 08 06:27:42 GMT 2011";"5";"";"3600";"604800";"Sun May 15 06:27:42 GMT 2011";"50";"";"29BMJUNU8LZ66U6DIS08I8J3PJ4I20";"A3GR63KAHHUXKX";"Approved";"Sun May 08 06:36:47 GMT 2011";"Sun May 08 06:37:04 GMT 2011";"Sat May 14 23:37:04 PDT 2011";"Sun May 08 00:34:28 PDT 2011";"";"";"17";"100% (28/28)";"0% (0/0)";"0% (0/0)";"http://www.artoonie.com/projects/imagesorter/data_dance/DSC_0437.jpg";"1";"0"
"2IF3V0FK0COKH6KYZ8GKP9LRHTQOHJ";"212RJ85OZIZEW9G72NFOV5EWPFPX9P";"Two yes or no questions about a photograph";"Two yes or no questions: Is it blurry? Is it high quality?";"image photograph quality assessment blur blurry computer vision";"$0.01";"Sun May 08 06:27:42 GMT 2011";"5";"";"3600";"604800";"Sun May 15 06:27:42 GMT 2011";"50";"";"2CTO3W5XH0JP4FOZXZ5PQSP7ZPJDJH";"A3BY7T9U69F9DZ";"Approved";"Sun May 08 06:37:10 GMT 2011";"Sun May 08 06:37:18 GMT 2011";"Sat May 14 23:37:18 PDT 2011";"Sun May 08 00:34:29 PDT 2011";"";"";"8";"100% (22/22)";"0% (0/0)";"0% (0/0)";"http://www.artoonie.com/projects/imagesorter/data_dance/DSC_0437.jpg";"1";"1"
"2IF3V0FK0COKH6KYZ8GKP9LRHTQOHJ";"212RJ85OZIZEW9G72NFOV5EWPFPX9P";"Two yes or no questions about a photograph";"Two yes or no questions: Is it blurry? Is it high quality?";"image photograph quality assessment blur blurry computer vision";"$0.01";"Sun May 08 06:27:42 GMT 2011";"5";"";"3600";"604800";"Sun May 15 06:27:42 GMT 2011";"50";"";"2DN0FK0COK2JTOS42LB9QRW6I47JQR";"A184H6C5UDLM8R";"Approved";"Sun May 08 06:33:53 GMT 2011";"Sun May 08 06:36:20 GMT 2011";"Sun May 15 06:36:20 GMT 2011";"Sun May 08 00:34:29 PDT 2011";"";"";"147";"100% (69/69)";"0% (0/0)";"0% (0/0)";"http://www.artoonie.com/projects/imagesorter/data_dance/DSC_0437.jpg";"0";"1"
"2IF3V0FK0COKH6KYZ8GKP9LRHTQOHJ";"212RJ85OZIZEW9G72NFOV5EWPFPX9P";"Two yes or no questions about a photograph";"Two yes or no questions: Is it blurry? Is it high quality?";"image photograph quality assessment blur blurry computer vision";"$0.01";"Sun May 08 06:27:42 GMT 2011";"5";"";"3600";"604800";"Sun May 15 06:27:42 GMT 2011";"50";"";"2E6GDHDM25L8XWTW978E46OEYVTOE3";"A14IQ4GLNWNPOJ";"Approved";"Sun May 08 06:30:25 GMT 2011";"Sun May 08 06:31:05 GMT 2011";"Sun May 15 06:31:05 GMT 2011";"Sun May 08 00:34:29 PDT 2011";"";"";"40";"100% (8/8)";"0% (0/0)";"0% (0/0)";"http://www.artoonie.com/projects/imagesorter/data_dance/DSC_0437.jpg";"1";"1"
"2IF3V0FK0COKH6KYZ8GKP9LRHTQOHJ";"212RJ85OZIZEW9G72NFOV5EWPFPX9P";"Two yes or no questions about a photograph";"Two yes or no questions: Is it blurry? Is it high quality?";"image photograph quality assessment blur blurry computer vision";"$0.01";"Sun May 08 06:27:42 GMT 2011";"5";"";"3600";"604800";"Sun May 15 06:27:42 GMT 2011";"50";"";"2WAKMN9U8P9YIVZT9Y93XUYIG5GDUC";"A18BNK9C6966ZJ";"Approved";"Sun May 08 06:31:19 GMT 2011";"Sun May 08 06:31:27 GMT 2011";"Sun May 15 06:31:27 GMT 2011";"Sun May 08 00:34:29 PDT 2011";"";"";"8";"100% (11/11)";"0% (0/0)";"0% (0/0)";"http://www.artoonie.com/projects/imagesorter/data_dance/DSC_0437.jpg";"1";"0"
"2P4Z9O9Z6KW4E9GWUIIRQFQ09AQC34";"212RJ85OZIZEW9G72NFOV5EWPFPX9P";"Two yes or no questions about a photograph";"Two yes or no questions: Is it blurry? Is it high quality?";"image photograph quality assessment blur blurry computer vision";"$0.01";"Sun May 08 06:27:42 GMT 2011";"5";"";"3600";"604800";"Sun May 15 06:27:42 GMT 2011";"0";"";"280TNKIMZSM5Z2NPFPD0UGVFXNJZCN";"A24O1Z2LQ1NEBS";"Approved";"Sun May 08 06:44:14 GMT 2011";"Sun May 08 06:44:36 GMT 2011";"Sat May 14 23:44:36 PDT 2011";"Sun May 08 00:34:29 PDT 2011";"";"";"22";"100% (33/33)";"0% (0/0)";"0% (0/0)";"http://www.artoonie.com/projects/imagesorter/data_dance/DSC_0438.jpg";"0";"1"
"2P4Z9O9Z6KW4E9GWUIIRQFQ09AQC34";"212RJ85OZIZEW9G72NFOV5EWPFPX9P";"Two yes or no questions about a photograph";"Two yes or no questions: Is it blurry? Is it high quality?";"image photograph quality assessment blur blurry computer vision";"$0.01";"Sun May 08 06:27:42 GMT 2011";"5";"";"3600";"604800";"Sun May 15 06:27:42 GMT 2011";"0";"";"291O9Z6KW4ZMPMNE4SCFV0ONH0PE5P";"A2E6XVPMAI0ON0";"Approved";"Sun May 08 06:40:00 GMT 2011";"Sun May 08 06:40:26 GMT 2011";"Sun May 15 06:40:26 GMT 2011";"Sun May 08 00:34:29 PDT 2011";"";"";"26";"100% (7/7)";"0% (0/0)";"0% (0/0)";"http://www.artoonie.com/projects/imagesorter/data_dance/DSC_0438.jpg";"1";"1"
"2P4Z9O9Z6KW4E9GWUIIRQFQ09AQC34";"212RJ85OZIZEW9G72NFOV5EWPFPX9P";"Two yes or no questions about a photograph";"Two yes or no questions: Is it blurry? Is it high quality?";"image photograph quality assessment blur blurry computer vision";"$0.01";"Sun May 08 06:27:42 GMT 2011";"5";"";"3600";"604800";"Sun May 15 06:27:42 GMT 2011";"0";"";"2IAUB2YU98JH7GR8GMRFGJ9IIGHMAS";"AR0G5UWWA0BHI";"Approved";"Sun May 08 06:44:14 GMT 2011";"Sun May 08 06:44:32 GMT 2011";"Sun May 15 06:44:32 GMT 2011";"Sun May 08 00:34:29 PDT 2011";"";"";"18";"100% (39/39)";"0% (0/0)";"0% (0/0)";"http://www.artoonie.com/projects/imagesorter/data_dance/DSC_0438.jpg";"1";"0"
"2P4Z9O9Z6KW4E9GWUIIRQFQ09AQC34";"212RJ85OZIZEW9G72NFOV5EWPFPX9P";"Two yes or no questions about a photograph";"Two yes or no questions: Is it blurry? Is it high quality?";"image photograph quality assessment blur blurry computer vision";"$0.01";"Sun May 08 06:27:42 GMT 2011";"5";"";"3600";"604800";"Sun May 15 06:27:42 GMT 2011";"0";"";"2P3NFSVGULF3OSYTJO71KS3NSSGM8N";"AA3V5BYE3MSQW";"Approved";"Sun May 08 06:34:33 GMT 2011";"Sun May 08 06:34:55 GMT 2011";"Sun May 15 06:34:55 GMT 2011";"Sun May 08 00:34:29 PDT 2011";"";"";"22";"100% (6/6)";"0% (0/0)";"0% (0/0)";"http://www.artoonie.com/projects/imagesorter/data_dance/DSC_0438.jpg";"1";"1"
"2P4Z9O9Z6KW4E9GWUIIRQFQ09AQC34";"212RJ85OZIZEW9G72NFOV5EWPFPX9P";"Two yes or no questions about a photograph";"Two yes or no questions: Is it blurry? Is it high quality?";"image photograph quality assessment blur blurry computer vision";"$0.01";"Sun May 08 06:27:42 GMT 2011";"5";"";"3600";"604800";"Sun May 15 06:27:42 GMT 2011";"0";"";"2S20RYNJ92NJZ962ONATZHYWWLPA5O";"A184H6C5UDLM8R";"Approved";"Sun May 08 06:28:39 GMT 2011";"Sun May 08 06:31:18 GMT 2011";"Sun May 15 06:31:18 GMT 2011";"Sun May 08 00:34:30 PDT 2011";"";"";"159";"100% (69/69)";"0% (0/0)";"0% (0/0)";"http://www.artoonie.com/projects/imagesorter/data_dance/DSC_0438.jpg";"1";"1"
"248Q7Q67051QZZTOE3KQH1XM152XDO";"212RJ85OZIZEW9G72NFOV5EWPFPX9P";"Two yes or no questions about a photograph";"Two yes or no questions: Is it blurry? Is it high quality?";"image photograph quality assessment blur blurry computer vision";"$0.01";"Sun May 08 06:27:42 GMT 2011";"5";"";"3600";"604800";"Sun May 15 06:27:42 GMT 2011";"17";"";"250ER9Y8TNKI1MYJIL6HX2OMUUE7UE";"A322Y8X2ZRM8KX";"Approved";"Sun May 08 06:34:29 GMT 2011";"Sun May 08 06:34:44 GMT 2011";"Sun May 15 06:34:44 GMT 2011";"Sun May 08 00:34:30 PDT 2011";"";"";"15";"100% (17/17)";"0% (0/0)";"0% (0/0)";"http://www.artoonie.com/projects/imagesorter/data_dance/DSC_0439.jpg";"0";"2"
"248Q7Q67051QZZTOE3KQH1XM152XDO";"212RJ85OZIZEW9G72NFOV5EWPFPX9P";"Two yes or no questions about a photograph";"Two yes or no questions: Is it blurry? Is it high quality?";"image photograph quality assessment blur blurry computer vision";"$0.01";"Sun May 08 06:27:42 GMT 2011";"5";"";"3600";"604800";"Sun May 15 06:27:42 GMT 2011";"17";"";"29CPFE4EGDHD1PBILJ0N4W6H843J95";"A14IQ4GLNWNPOJ";"Approved";"Sun May 08 06:32:26 GMT 2011";"Sun May 08 06:32:46 GMT 2011";"Sun May 15 06:32:46 GMT 2011";"Sun May 08 00:34:30 PDT 2011";"";"";"20";"100% (8/8)";"0% (0/0)";"0% (0/0)";"http://www.artoonie.com/projects/imagesorter/data_dance/DSC_0439.jpg";"0";"1"
"248Q7Q67051QZZTOE3KQH1XM152XDO";"212RJ85OZIZEW9G72NFOV5EWPFPX9P";"Two yes or no questions about a photograph";"Two yes or no questions: Is it blurry? Is it high quality?";"image photograph quality assessment blur blurry computer vision";"$0.01";"Sun May 08 06:27:42 GMT 2011";"5";"";"3600";"604800";"Sun May 15 06:27:42 GMT 2011";"17";"";"2ABG5TYMNCWYQRFCMTJSMX11DTLJN5";"AR0G5UWWA0BHI";"Approved";"Sun May 08 06:43:40 GMT 2011";"Sun May 08 06:43:53 GMT 2011";"Sat May 14 23:43:53 PDT 2011";"Sun May 08 00:34:30 PDT 2011";"";"";"13";"100% (39/39)";"0% (0/0)";"0% (0/0)";"http://www.artoonie.com/projects/imagesorter/data_dance/DSC_0439.jpg";"0";"2"
"248Q7Q67051QZZTOE3KQH1XM152XDO";"212RJ85OZIZEW9G72NFOV5EWPFPX9P";"Two yes or no questions about a photograph";"Two yes or no questions: Is it blurry? Is it high quality?";"image photograph quality assessment blur blurry computer vision";"$0.01";"Sun May 08 06:27:42 GMT 2011";"5";"";"3600";"604800";"Sun May 15 06:27:42 GMT 2011";"17";"";"2OWEGDHDM25LN5FKCXXHJZ6O89ODNL";"A3BY7T9U69F9DZ";"Approved";"Sun May 08 06:37:25 GMT 2011";"Sun May 08 06:37:31 GMT 2011";"Sun May 15 06:37:31 GMT 2011";"Sun May 08 00:34:30 PDT 2011";"";"";"6";"100% (22/22)";"0% (0/0)";"0% (0/0)";"http://www.artoonie.com/projects/imagesorter/data_dance/DSC_0439.jpg";"1";"0"
"248Q7Q67051QZZTOE3KQH1XM152XDO";"212RJ85OZIZEW9G72NFOV5EWPFPX9P";"Two yes or no questions about a photograph";"Two yes or no questions: Is it blurry? Is it high quality?";"image photograph quality assessment blur blurry computer vision";"$0.01";"Sun May 08 06:27:42 GMT 2011";"5";"";"3600";"604800";"Sun May 15 06:27:42 GMT 2011";"17";"";"2P30HFL42J1LDSE8K3YM5IGFEMB1MJ";"A184H6C5UDLM8R";"Approved";"Sun May 08 06:40:37 GMT 2011";"Sun May 08 06:41:28 GMT 2011";"Sun May 15 06:41:28 GMT 2011";"Sun May 08 00:34:30 PDT 2011";"";"";"51";"100% (69/69)";"0% (0/0)";"0% (0/0)";"http://www.artoonie.com/projects/imagesorter/data_dance/DSC_0439.jpg";"1";"1"
"2H6UQIHPCGJ2SP7LGXWXM0JPAFL71E";"212RJ85OZIZEW9G72NFOV5EWPFPX9P";"Two yes or no questions about a photograph";"Two yes or no questions: Is it blurry? Is it high quality?";"image photograph quality assessment blur blurry computer vision";"$0.01";"Sun May 08 06:27:42 GMT 2011";"5";"";"3600";"604800";"Sun May 15 06:27:42 GMT 2011";"51";"";"20TSNQQ7Q670KOWHPOI17TQCV2KAU8";"A2E6XVPMAI0ON0";"Approved";"Sun May 08 06:35:50 GMT 2011";"Sun May 08 06:36:36 GMT 2011";"Sun May 15 06:36:36 GMT 2011";"Sun May 08 00:34:30 PDT 2011";"";"";"46";"100% (7/7)";"0% (0/0)";"0% (0/0)";"http://www.artoonie.com/projects/imagesorter/data_dance/DSC_0440.jpg";"0";"1"
"2H6UQIHPCGJ2SP7LGXWXM0JPAFL71E";"212RJ85OZIZEW9G72NFOV5EWPFPX9P";"Two yes or no questions about a photograph";"Two yes or no questions: Is it blurry? Is it high quality?";"image photograph quality assessment blur blurry computer vision";"$0.01";"Sun May 08 06:27:42 GMT 2011";"5";"";"3600";"604800";"Sun May 15 06:27:42 GMT 2011";"51";"";"20WJ3NAB6BFMU2UVBJK1YJFDAJPGTY";"A24O1Z2LQ1NEBS";"Approved";"Sun May 08 06:32:39 GMT 2011";"Sun May 08 06:33:02 GMT 2011";"Sun May 15 06:33:02 GMT 2011";"Sun May 08 00:34:30 PDT 2011";"";"";"23";"100% (33/33)";"0% (0/0)";"0% (0/0)";"http://www.artoonie.com/projects/imagesorter/data_dance/DSC_0440.jpg";"0";"2"
"2H6UQIHPCGJ2SP7LGXWXM0JPAFL71E";"212RJ85OZIZEW9G72NFOV5EWPFPX9P";"Two yes or no questions about a photograph";"Two yes or no questions: Is it blurry? Is it high quality?";"image photograph quality assessment blur blurry computer vision";"$0.01";"Sun May 08 06:27:42 GMT 2011";"5";"";"3600";"604800";"Sun May 15 06:27:42 GMT 2011";"51";"";"245D8XMB3Q39ENH37UF6Y4EVMYSGRL";"A16AKSCLSVCW9A";"Approved";"Sun May 08 06:31:59 GMT 2011";"Sun May 08 06:32:04 GMT 2011";"Sun May 15 06:32:04 GMT 2011";"Sun May 08 00:34:31 PDT 2011";"";"";"5";"100% (14/14)";"0% (0/0)";"0% (0/0)";"http://www.artoonie.com/projects/imagesorter/data_dance/DSC_0440.jpg";"0";"1"
"2H6UQIHPCGJ2SP7LGXWXM0JPAFL71E";"212RJ85OZIZEW9G72NFOV5EWPFPX9P";"Two yes or no questions about a photograph";"Two yes or no questions: Is it blurry? Is it high quality?";"image photograph quality assessment blur blurry computer vision";"$0.01";"Sun May 08 06:27:42 GMT 2011";"5";"";"3600";"604800";"Sun May 15 06:27:42 GMT 2011";"51";"";"26NOX7H57DZK42K1RH4HIM25FDG0AV";"A3BY7T9U69F9DZ";"Approved";"Sun May 08 06:35:37 GMT 2011";"Sun May 08 06:35:42 GMT 2011";"Sun May 15 06:35:42 GMT 2011";"Sun May 08 00:34:31 PDT 2011";"";"";"5";"100% (22/22)";"0% (0/0)";"0% (0/0)";"http://www.artoonie.com/projects/imagesorter/data_dance/DSC_0440.jpg";"0";"2"
"2H6UQIHPCGJ2SP7LGXWXM0JPAFL71E";"212RJ85OZIZEW9G72NFOV5EWPFPX9P";"Two yes or no questions about a photograph";"Two yes or no questions: Is it blurry? Is it high quality?";"image photograph quality assessment blur blurry computer vision";"$0.01";"Sun May 08 06:27:42 GMT 2011";"5";"";"3600";"604800";"Sun May 15 06:27:42 GMT 2011";"51";"";"2G5G67D1X3V0U7691LTJJ1M7JPHIB2";"A184H6C5UDLM8R";"Approved";"Sun May 08 06:37:55 GMT 2011";"Sun May 08 06:40:02 GMT 2011";"Sat May 14 23:40:02 PDT 2011";"Sun May 08 00:34:31 PDT 2011";"";"";"127";"100% (69/69)";"0% (0/0)";"0% (0/0)";"http://www.artoonie.com/projects/imagesorter/data_dance/DSC_0440.jpg";"0";"2"
"2KLFDEY5COW003XWG93RKLC6GAWU3V";"212RJ85OZIZEW9G72NFOV5EWPFPX9P";"Two yes or no questions about a photograph";"Two yes or no questions: Is it blurry? Is it high quality?";"image photograph quality assessment blur blurry computer vision";"$0.01";"Sun May 08 06:27:42 GMT 2011";"5";"";"3600";"604800";"Sun May 15 06:27:42 GMT 2011";"54";"";"28X8B727M0IGU7NAE7PFXVF4PNLCX3";"A3BY7T9U69F9DZ";"Approved";"Sun May 08 06:35:25 GMT 2011";"Sun May 08 06:35:30 GMT 2011";"Sun May 15 06:35:30 GMT 2011";"Sun May 08 00:34:31 PDT 2011";"";"";"5";"100% (22/22)";"0% (0/0)";"0% (0/0)";"http://www.artoonie.com/projects/imagesorter/data_dance/DSC_0441.jpg";"0";"2"
"2KLFDEY5COW003XWG93RKLC6GAWU3V";"212RJ85OZIZEW9G72NFOV5EWPFPX9P";"Two yes or no questions about a photograph";"Two yes or no questions: Is it blurry? Is it high quality?";"image photograph quality assessment blur blurry computer vision";"$0.01";"Sun May 08 06:27:42 GMT 2011";"5";"";"3600";"604800";"Sun May 15 06:27:42 GMT 2011";"54";"";"2NE25L8I9NZWL4KWJP54VW7T2B5TJE";"A16AKSCLSVCW9A";"Approved";"Sun May 08 06:31:11 GMT 2011";"Sun May 08 06:31:20 GMT 2011";"Sun May 15 06:31:20 GMT 2011";"Sun May 08 00:34:31 PDT 2011";"";"";"9";"100% (14/14)";"0% (0/0)";"0% (0/0)";"http://www.artoonie.com/projects/imagesorter/data_dance/DSC_0441.jpg";"0";"0"
"2KLFDEY5COW003XWG93RKLC6GAWU3V";"212RJ85OZIZEW9G72NFOV5EWPFPX9P";"Two yes or no questions about a photograph";"Two yes or no questions: Is it blurry? Is it high quality?";"image photograph quality assessment blur blurry computer vision";"$0.01";"Sun May 08 06:27:42 GMT 2011";"5";"";"3600";"604800";"Sun May 15 06:27:42 GMT 2011";"54";"";"2U4J011K274JMWQN97S8S46URK9DBV";"A184H6C5UDLM8R";"Approved";"Sun May 08 06:28:07 GMT 2011";"Sun May 08 06:28:30 GMT 2011";"Sun May 15 06:28:30 GMT 2011";"Sun May 08 00:34:31 PDT 2011";"";"";"23";"100% (69/69)";"0% (0/0)";"0% (0/0)";"http://www.artoonie.com/projects/imagesorter/data_dance/DSC_0441.jpg";"0";"1"
"2KLFDEY5COW003XWG93RKLC6GAWU3V";"212RJ85OZIZEW9G72NFOV5EWPFPX9P";"Two yes or no questions about a photograph";"Two yes or no questions: Is it blurry? Is it high quality?";"image photograph quality assessment blur blurry computer vision";"$0.01";"Sun May 08 06:27:42 GMT 2011";"5";"";"3600";"604800";"Sun May 15 06:27:42 GMT 2011";"54";"";"2VNWJ5OPB0YVVMEVZX27JP9UX6ZX5G";"A2SFJVVQBTZGTK";"Approved";"Sun May 08 06:33:31 GMT 2011";"Sun May 08 06:33:46 GMT 2011";"Sun May 15 06:33:46 GMT 2011";"Sun May 08 00:34:31 PDT 2011";"";"";"15";"100% (26/26)";"0% (0/0)";"0% (0/0)";"http://www.artoonie.com/projects/imagesorter/data_dance/DSC_0441.jpg";"0";"1"
"2KLFDEY5COW003XWG93RKLC6GAWU3V";"212RJ85OZIZEW9G72NFOV5EWPFPX9P";"Two yes or no questions about a photograph";"Two yes or no questions: Is it blurry? Is it high quality?";"image photograph quality assessment blur blurry computer vision";"$0.01";"Sun May 08 06:27:42 GMT 2011";"5";"";"3600";"604800";"Sun May 15 06:27:42 GMT 2011";"54";"";"2Z0PJWKUDD8X1Y9NGAQ0G6UTIBQLAO";"A322Y8X2ZRM8KX";"Approved";"Sun May 08 06:40:33 GMT 2011";"Sun May 08 06:40:49 GMT 2011";"Sat May 14 23:40:49 PDT 2011";"Sun May 08 00:34:31 PDT 2011";"";"";"16";"100% (17/17)";"0% (0/0)";"0% (0/0)";"http://www.artoonie.com/projects/imagesorter/data_dance/DSC_0441.jpg";"1";"1"
"292MT6YTWX4HI48MO549EGI636TW14";"212RJ85OZIZEW9G72NFOV5EWPFPX9P";"Two yes or no questions about a photograph";"Two yes or no questions: Is it blurry? Is it high quality?";"image photograph quality assessment blur blurry computer vision";"$0.01";"Sun May 08 06:27:42 GMT 2011";"5";"";"3600";"604800";"Sun May 15 06:27:42 GMT 2011";"43";"";"273NVP3TVOK592P2EZYQJOZFSVQ41R";"A184H6C5UDLM8R";"Approved";"Sun May 08 06:39:38 GMT 2011";"Sun May 08 06:39:50 GMT 2011";"Sat May 14 23:39:50 PDT 2011";"Sun May 08 00:34:32 PDT 2011";"";"";"12";"100% (69/69)";"0% (0/0)";"0% (0/0)";"http://www.artoonie.com/projects/imagesorter/data_dance/DSC_0442.jpg";"1";"1"
"292MT6YTWX4HI48MO549EGI636TW14";"212RJ85OZIZEW9G72NFOV5EWPFPX9P";"Two yes or no questions about a photograph";"Two yes or no questions: Is it blurry? Is it high quality?";"image photograph quality assessment blur blurry computer vision";"$0.01";"Sun May 08 06:27:42 GMT 2011";"5";"";"3600";"604800";"Sun May 15 06:27:42 GMT 2011";"43";"";"2HYO33FDEY5C3J6ITSQ3DCRFFH40R3";"A3FW98CTBGUPDI";"Approved";"Sun May 08 06:37:17 GMT 2011";"Sun May 08 06:37:41 GMT 2011";"Sun May 15 06:37:41 GMT 2011";"Sun May 08 00:34:32 PDT 2011";"";"";"24";"100% (14/14)";"0% (0/0)";"0% (0/0)";"http://www.artoonie.com/projects/imagesorter/data_dance/DSC_0442.jpg";"0";"2"
"292MT6YTWX4HI48MO549EGI636TW14";"212RJ85OZIZEW9G72NFOV5EWPFPX9P";"Two yes or no questions about a photograph";"Two yes or no questions: Is it blurry? Is it high quality?";"image photograph quality assessment blur blurry computer vision";"$0.01";"Sun May 08 06:27:42 GMT 2011";"5";"";"3600";"604800";"Sun May 15 06:27:42 GMT 2011";"43";"";"2QMLF395SW6NVOLPGOPNOBYFVKWESQ";"A3BY7T9U69F9DZ";"Approved";"Sun May 08 06:36:46 GMT 2011";"Sun May 08 06:36:51 GMT 2011";"Sun May 15 06:36:51 GMT 2011";"Sun May 08 00:34:32 PDT 2011";"";"";"5";"100% (22/22)";"0% (0/0)";"0% (0/0)";"http://www.artoonie.com/projects/imagesorter/data_dance/DSC_0442.jpg";"1";"1"
"292MT6YTWX4HI48MO549EGI636TW14";"212RJ85OZIZEW9G72NFOV5EWPFPX9P";"Two yes or no questions about a photograph";"Two yes or no questions: Is it blurry? Is it high quality?";"image photograph quality assessment blur blurry computer vision";"$0.01";"Sun May 08 06:27:42 GMT 2011";"5";"";"3600";"604800";"Sun May 15 06:27:42 GMT 2011";"43";"";"2R6CWA6X3YOCR26926BXUTINCNUONS";"A16AKSCLSVCW9A";"Approved";"Sun May 08 06:31:03 GMT 2011";"Sun May 08 06:31:11 GMT 2011";"Sun May 15 06:31:11 GMT 2011";"Sun May 08 00:34:32 PDT 2011";"";"";"8";"100% (14/14)";"0% (0/0)";"0% (0/0)";"http://www.artoonie.com/projects/imagesorter/data_dance/DSC_0442.jpg";"1";"0"
"292MT6YTWX4HI48MO549EGI636TW14";"212RJ85OZIZEW9G72NFOV5EWPFPX9P";"Two yes or no questions about a photograph";"Two yes or no questions: Is it blurry? Is it high quality?";"image photograph quality assessment blur blurry computer vision";"$0.01";"Sun May 08 06:27:42 GMT 2011";"5";"";"3600";"604800";"Sun May 15 06:27:42 GMT 2011";"43";"";"2ZHSI2KYEPLS4UBHYNXWO3OABVANTC";"A24O1Z2LQ1NEBS";"Approved";"Sun May 08 06:37:41 GMT 2011";"Sun May 08 06:38:06 GMT 2011";"Sun May 15 06:38:06 GMT 2011";"Sun May 08 00:34:32 PDT 2011";"";"";"25";"100% (33/33)";"0% (0/0)";"0% (0/0)";"http://www.artoonie.com/projects/imagesorter/data_dance/DSC_0442.jpg";"1";"2"
"2J392HECWA6XILU9PGRCU5KXAGLJK0";"212RJ85OZIZEW9G72NFOV5EWPFPX9P";"Two yes or no questions about a photograph";"Two yes or no questions: Is it blurry? Is it high quality?";"image photograph quality assessment blur blurry computer vision";"$0.01";"Sun May 08 06:27:43 GMT 2011";"5";"";"3600";"604800";"Sun May 15 06:27:43 GMT 2011";"46";"";"20SONNVRH1KH3WKD4CY6SV9LE14OXC";"A2SFJVVQBTZGTK";"Approved";"Sun May 08 06:31:49 GMT 2011";"Sun May 08 06:32:08 GMT 2011";"Sun May 15 06:32:08 GMT 2011";"Sun May 08 00:34:32 PDT 2011";"";"";"19";"100% (26/26)";"0% (0/0)";"0% (0/0)";"http://www.artoonie.com/projects/imagesorter/data_dance/DSC_0443.jpg";"0";"1"
"2J392HECWA6XILU9PGRCU5KXAGLJK0";"212RJ85OZIZEW9G72NFOV5EWPFPX9P";"Two yes or no questions about a photograph";"Two yes or no questions: Is it blurry? Is it high quality?";"image photograph quality assessment blur blurry computer vision";"$0.01";"Sun May 08 06:27:43 GMT 2011";"5";"";"3600";"604800";"Sun May 15 06:27:43 GMT 2011";"46";"";"21FDWIOV1S7S2QJQTVS33DZ8HDOYJ9";"AR0G5UWWA0BHI";"Approved";"Sun May 08 06:40:52 GMT 2011";"Sun May 08 06:41:13 GMT 2011";"Sat May 14 23:41:13 PDT 2011";"Sun May 08 00:34:32 PDT 2011";"";"";"21";"100% (39/39)";"0% (0/0)";"0% (0/0)";"http://www.artoonie.com/projects/imagesorter/data_dance/DSC_0443.jpg";"0";"2"
"2J392HECWA6XILU9PGRCU5KXAGLJK0";"212RJ85OZIZEW9G72NFOV5EWPFPX9P";"Two yes or no questions about a photograph";"Two yes or no questions: Is it blurry? Is it high quality?";"image photograph quality assessment blur blurry computer vision";"$0.01";"Sun May 08 06:27:43 GMT 2011";"5";"";"3600";"604800";"Sun May 15 06:27:43 GMT 2011";"46";"";"2GMFBNFSVGULUQF25XXNL1FSXSW6KH";"A2UC0CGDN7919I";"Approved";"Sun May 08 06:38:18 GMT 2011";"Sun May 08 06:38:50 GMT 2011";"Sun May 15 06:38:50 GMT 2011";"Sun May 08 00:34:33 PDT 2011";"";"";"32";"100% (16/16)";"0% (0/0)";"0% (0/0)";"http://www.artoonie.com/projects/imagesorter/data_dance/DSC_0443.jpg";"0";"1"
"2J392HECWA6XILU9PGRCU5KXAGLJK0";"212RJ85OZIZEW9G72NFOV5EWPFPX9P";"Two yes or no questions about a photograph";"Two yes or no questions: Is it blurry? Is it high quality?";"image photograph quality assessment blur blurry computer vision";"$0.01";"Sun May 08 06:27:43 GMT 2011";"5";"";"3600";"604800";"Sun May 15 06:27:43 GMT 2011";"46";"";"2RNKCJ011K27J6D6XRN668N40ZVB9D";"A3FW98CTBGUPDI";"Approved";"Sun May 08 06:38:35 GMT 2011";"Sun May 08 06:38:52 GMT 2011";"Sun May 15 06:38:52 GMT 2011";"Sun May 08 00:34:33 PDT 2011";"";"";"17";"100% (14/14)";"0% (0/0)";"0% (0/0)";"http://www.artoonie.com/projects/imagesorter/data_dance/DSC_0443.jpg";"0";"1"
"2J392HECWA6XILU9PGRCU5KXAGLJK0";"212RJ85OZIZEW9G72NFOV5EWPFPX9P";"Two yes or no questions about a photograph";"Two yes or no questions: Is it blurry? Is it high quality?";"image photograph quality assessment blur blurry computer vision";"$0.01";"Sun May 08 06:27:43 GMT 2011";"5";"";"3600";"604800";"Sun May 15 06:27:43 GMT 2011";"46";"";"2S1NZW6HEZ6OTRWTKUZ6EGUMW6YZP1";"A184H6C5UDLM8R";"Approved";"Sun May 08 06:33:47 GMT 2011";"Sun May 08 06:35:09 GMT 2011";"Sun May 15 06:35:09 GMT 2011";"Sun May 08 00:34:33 PDT 2011";"";"";"82";"100% (69/69)";"0% (0/0)";"0% (0/0)";"http://www.artoonie.com/projects/imagesorter/data_dance/DSC_0443.jpg";"0";"1"
"2G2PFE4EGDHD1PBILJ0N4W6HZM99JW";"212RJ85OZIZEW9G72NFOV5EWPFPX9P";"Two yes or no questions about a photograph";"Two yes or no questions: Is it blurry? Is it high quality?";"image photograph quality assessment blur blurry computer vision";"$0.01";"Sun May 08 06:27:43 GMT 2011";"5";"";"3600";"604800";"Sun May 15 06:27:43 GMT 2011";"3";"";"25I8H88MQU6LKBHSPJSR2X4ACOCTAZ";"A24O1Z2LQ1NEBS";"Approved";"Sun May 08 06:42:06 GMT 2011";"Sun May 08 06:42:16 GMT 2011";"Sun May 15 06:42:16 GMT 2011";"Sun May 08 00:34:33 PDT 2011";"";"";"10";"100% (33/33)";"0% (0/0)";"0% (0/0)";"http://www.artoonie.com/projects/imagesorter/data_dance/DSC_0444.jpg";"0";"2"
"2G2PFE4EGDHD1PBILJ0N4W6HZM99JW";"212RJ85OZIZEW9G72NFOV5EWPFPX9P";"Two yes or no questions about a photograph";"Two yes or no questions: Is it blurry? Is it high quality?";"image photograph quality assessment blur blurry computer vision";"$0.01";"Sun May 08 06:27:43 GMT 2011";"5";"";"3600";"604800";"Sun May 15 06:27:43 GMT 2011";"3";"";"2FD8I9NZW6HEETUBHRN7Y869AZIMW1";"A3BY7T9U69F9DZ";"Approved";"Sun May 08 06:32:43 GMT 2011";"Sun May 08 06:32:59 GMT 2011";"Sun May 15 06:32:59 GMT 2011";"Sun May 08 00:34:33 PDT 2011";"";"";"16";"100% (22/22)";"0% (0/0)";"0% (0/0)";"http://www.artoonie.com/projects/imagesorter/data_dance/DSC_0444.jpg";"0";"1"
"2G2PFE4EGDHD1PBILJ0N4W6HZM99JW";"212RJ85OZIZEW9G72NFOV5EWPFPX9P";"Two yes or no questions about a photograph";"Two yes or no questions: Is it blurry? Is it high quality?";"image photograph quality assessment blur blurry computer vision";"$0.01";"Sun May 08 06:27:43 GMT 2011";"5";"";"3600";"604800";"Sun May 15 06:27:43 GMT 2011";"3";"";"2S1NZW6HEZ6OTRWTKUZ6EGUMW6ZZP2";"A3PIQY6PK42RIS";"Approved";"Sun May 08 06:44:21 GMT 2011";"Sun May 08 06:44:41 GMT 2011";"Sat May 14 23:44:41 PDT 2011";"Sun May 08 00:34:33 PDT 2011";"";"";"20";"100% (3/3)";"0% (0/0)";"0% (0/0)";"http://www.artoonie.com/projects/imagesorter/data_dance/DSC_0444.jpg";"0";"2"
"2G2PFE4EGDHD1PBILJ0N4W6HZM99JW";"212RJ85OZIZEW9G72NFOV5EWPFPX9P";"Two yes or no questions about a photograph";"Two yes or no questions: Is it blurry? Is it high quality?";"image photograph quality assessment blur blurry computer vision";"$0.01";"Sun May 08 06:27:43 GMT 2011";"5";"";"3600";"604800";"Sun May 15 06:27:43 GMT 2011";"3";"";"2THPSI2KYEPL7CD2XMD61J3O4MMMSM";"A184H6C5UDLM8R";"Approved";"Sun May 08 06:31:35 GMT 2011";"Sun May 08 06:34:23 GMT 2011";"Sun May 15 06:34:23 GMT 2011";"Sun May 08 00:34:33 PDT 2011";"";"";"168";"100% (69/69)";"0% (0/0)";"0% (0/0)";"http://www.artoonie.com/projects/imagesorter/data_dance/DSC_0444.jpg";"0";"1"
"2G2PFE4EGDHD1PBILJ0N4W6HZM99JW";"212RJ85OZIZEW9G72NFOV5EWPFPX9P";"Two yes or no questions about a photograph";"Two yes or no questions: Is it blurry? Is it high quality?";"image photograph quality assessment blur blurry computer vision";"$0.01";"Sun May 08 06:27:43 GMT 2011";"5";"";"3600";"604800";"Sun May 15 06:27:43 GMT 2011";"3";"";"2TOKUDD8XMB35QFWDCXUYO6TYJTODB";"A322Y8X2ZRM8KX";"Approved";"Sun May 08 06:41:27 GMT 2011";"Sun May 08 06:41:45 GMT 2011";"Sun May 15 06:41:45 GMT 2011";"Sun May 08 00:34:33 PDT 2011";"";"";"18";"100% (17/17)";"0% (0/0)";"0% (0/0)";"http://www.artoonie.com/projects/imagesorter/data_dance/DSC_0444.jpg";"0";"2"
"2MCFJ51Y7QEOE24N523SYMOFIEGEBQ";"212RJ85OZIZEW9G72NFOV5EWPFPX9P";"Two yes or no questions about a photograph";"Two yes or no questions: Is it blurry? Is it high quality?";"image photograph quality assessment blur blurry computer vision";"$0.01";"Sun May 08 06:27:43 GMT 2011";"5";"";"3600";"604800";"Sun May 15 06:27:43 GMT 2011";"0";"";"2CFJQ2172Z9954C8XM3VJBU1XOMRZL";"A3BY7T9U69F9DZ";"Approved";"Sun May 08 06:35:51 GMT 2011";"Sun May 08 06:35:55 GMT 2011";"Sun May 15 06:35:55 GMT 2011";"Sun May 08 00:34:34 PDT 2011";"";"";"4";"100% (22/22)";"0% (0/0)";"0% (0/0)";"http://www.artoonie.com/projects/imagesorter/data_dance/DSC_0445.jpg";"0";"1"
"2MCFJ51Y7QEOE24N523SYMOFIEGEBQ";"212RJ85OZIZEW9G72NFOV5EWPFPX9P";"Two yes or no questions about a photograph";"Two yes or no questions: Is it blurry? Is it high quality?";"image photograph quality assessment blur blurry computer vision";"$0.01";"Sun May 08 06:27:43 GMT 2011";"5";"";"3600";"604800";"Sun May 15 06:27:43 GMT 2011";"0";"";"2JG9Z6KW4ZMAE4NO4M6Q5ONNPWEF6N";"A24O1Z2LQ1NEBS";"Approved";"Sun May 08 06:38:07 GMT 2011";"Sun May 08 06:38:22 GMT 2011";"Sun May 15 06:38:22 GMT 2011";"Sun May 08 00:34:34 PDT 2011";"";"";"15";"100% (33/33)";"0% (0/0)";"0% (0/0)";"http://www.artoonie.com/projects/imagesorter/data_dance/DSC_0445.jpg";"0";"2"
"2MCFJ51Y7QEOE24N523SYMOFIEGEBQ";"212RJ85OZIZEW9G72NFOV5EWPFPX9P";"Two yes or no questions about a photograph";"Two yes or no questions: Is it blurry? Is it high quality?";"image photograph quality assessment blur blurry computer vision";"$0.01";"Sun May 08 06:27:43 GMT 2011";"5";"";"3600";"604800";"Sun May 15 06:27:43 GMT 2011";"0";"";"2M7806UFBNFSA30IS405XW6NA6DG27";"A2UC0CGDN7919I";"Approved";"Sun May 08 06:39:56 GMT 2011";"Sun May 08 06:40:14 GMT 2011";"Sun May 15 06:40:14 GMT 2011";"Sun May 08 00:34:34 PDT 2011";"";"";"18";"100% (16/16)";"0% (0/0)";"0% (0/0)";"http://www.artoonie.com/projects/imagesorter/data_dance/DSC_0445.jpg";"0";"1"
"2MCFJ51Y7QEOE24N523SYMOFIEGEBQ";"212RJ85OZIZEW9G72NFOV5EWPFPX9P";"Two yes or no questions about a photograph";"Two yes or no questions: Is it blurry? Is it high quality?";"image photograph quality assessment blur blurry computer vision";"$0.01";"Sun May 08 06:27:43 GMT 2011";"5";"";"3600";"604800";"Sun May 15 06:27:43 GMT 2011";"0";"";"2QQQ4J3NAB6BU9LC1ZPIY1TJ9IEREG";"AR0G5UWWA0BHI";"Approved";"Sun May 08 06:43:23 GMT 2011";"Sun May 08 06:43:39 GMT 2011";"Sun May 15 06:43:39 GMT 2011";"Sun May 08 00:34:34 PDT 2011";"";"";"16";"100% (39/39)";"0% (0/0)";"0% (0/0)";"http://www.artoonie.com/projects/imagesorter/data_dance/DSC_0445.jpg";"1";"2"
"2MCFJ51Y7QEOE24N523SYMOFIEGEBQ";"212RJ85OZIZEW9G72NFOV5EWPFPX9P";"Two yes or no questions about a photograph";"Two yes or no questions: Is it blurry? Is it high quality?";"image photograph quality assessment blur blurry computer vision";"$0.01";"Sun May 08 06:27:43 GMT 2011";"5";"";"3600";"604800";"Sun May 15 06:27:43 GMT 2011";"0";"";"2SMUU00OQKKAJ5OPLTTU768081YWW4";"A2SFJVVQBTZGTK";"Approved";"Sun May 08 06:43:37 GMT 2011";"Sun May 08 06:43:54 GMT 2011";"Sat May 14 23:43:54 PDT 2011";"Sun May 08 00:34:34 PDT 2011";"";"";"17";"100% (26/26)";"0% (0/0)";"0% (0/0)";"http://www.artoonie.com/projects/imagesorter/data_dance/DSC_0445.jpg";"1";"2"
"2KE5XH0JPPSIH74B2MJPC5KL7TZMG4";"212RJ85OZIZEW9G72NFOV5EWPFPX9P";"Two yes or no questions about a photograph";"Two yes or no questions: Is it blurry? Is it high quality?";"image photograph quality assessment blur blurry computer vision";"$0.01";"Sun May 08 06:27:43 GMT 2011";"5";"";"3600";"604800";"Sun May 15 06:27:43 GMT 2011";"14";"";"20AHPCGJ2D213Q22AIRJUPSIWPWA4L";"A322Y8X2ZRM8KX";"Approved";"Sun May 08 06:42:43 GMT 2011";"Sun May 08 06:43:02 GMT 2011";"Sun May 15 06:43:02 GMT 2011";"Sun May 08 00:34:34 PDT 2011";"";"";"19";"100% (17/17)";"0% (0/0)";"0% (0/0)";"http://www.artoonie.com/projects/imagesorter/data_dance/DSC_0446.jpg";"1";"1"
"2KE5XH0JPPSIH74B2MJPC5KL7TZMG4";"212RJ85OZIZEW9G72NFOV5EWPFPX9P";"Two yes or no questions about a photograph";"Two yes or no questions: Is it blurry? Is it high quality?";"image photograph quality assessment blur blurry computer vision";"$0.01";"Sun May 08 06:27:43 GMT 2011";"5";"";"3600";"604800";"Sun May 15 06:27:43 GMT 2011";"14";"";"224M6IAA2SEI9H0XDPHKPA4ICX5MMB";"A2SFJVVQBTZGTK";"Approved";"Sun May 08 06:36:45 GMT 2011";"Sun May 08 06:37:27 GMT 2011";"Sun May 15 06:37:27 GMT 2011";"Sun May 08 00:34:34 PDT 2011";"";"";"42";"100% (26/26)";"0% (0/0)";"0% (0/0)";"http://www.artoonie.com/projects/imagesorter/data_dance/DSC_0446.jpg";"1";"1"
"2KE5XH0JPPSIH74B2MJPC5KL7TZMG4";"212RJ85OZIZEW9G72NFOV5EWPFPX9P";"Two yes or no questions about a photograph";"Two yes or no questions: Is it blurry? Is it high quality?";"image photograph quality assessment blur blurry computer vision";"$0.01";"Sun May 08 06:27:43 GMT 2011";"5";"";"3600";"604800";"Sun May 15 06:27:43 GMT 2011";"14";"";"2IF46UXFCD45CZKQ0EJNYKINXYDVT2";"A3VP7RPTR7N2OS";"Approved";"Sun May 08 06:44:25 GMT 2011";"Sun May 08 06:44:35 GMT 2011";"Sat May 14 23:44:35 PDT 2011";"Sun May 08 00:34:34 PDT 2011";"";"";"10";"100% (4/4)";"0% (0/0)";"0% (0/0)";"http://www.artoonie.com/projects/imagesorter/data_dance/DSC_0446.jpg";"1";"1"
"2KE5XH0JPPSIH74B2MJPC5KL7TZMG4";"212RJ85OZIZEW9G72NFOV5EWPFPX9P";"Two yes or no questions about a photograph";"Two yes or no questions: Is it blurry? Is it high quality?";"image photograph quality assessment blur blurry computer vision";"$0.01";"Sun May 08 06:27:43 GMT 2011";"5";"";"3600";"604800";"Sun May 15 06:27:43 GMT 2011";"14";"";"2NE25L8I9NZWL4KWJP54VW7T2B6TJF";"AR0G5UWWA0BHI";"Approved";"Sun May 08 06:42:47 GMT 2011";"Sun May 08 06:43:06 GMT 2011";"Sun May 15 06:43:06 GMT 2011";"Sun May 08 00:34:34 PDT 2011";"";"";"19";"100% (39/39)";"0% (0/0)";"0% (0/0)";"http://www.artoonie.com/projects/imagesorter/data_dance/DSC_0446.jpg";"0";"1"
"2KE5XH0JPPSIH74B2MJPC5KL7TZMG4";"212RJ85OZIZEW9G72NFOV5EWPFPX9P";"Two yes or no questions about a photograph";"Two yes or no questions: Is it blurry? Is it high quality?";"image photograph quality assessment blur blurry computer vision";"$0.01";"Sun May 08 06:27:43 GMT 2011";"5";"";"3600";"604800";"Sun May 15 06:27:43 GMT 2011";"14";"";"2S9PCGJ2D21OIJBUU1APUSI2E3C5BG";"A184H6C5UDLM8R";"Approved";"Sun May 08 06:34:02 GMT 2011";"Sun May 08 06:36:44 GMT 2011";"Sun May 15 06:36:44 GMT 2011";"Sun May 08 00:34:35 PDT 2011";"";"";"162";"100% (69/69)";"0% (0/0)";"0% (0/0)";"http://www.artoonie.com/projects/imagesorter/data_dance/DSC_0446.jpg";"0";"2"
"23QJIA0RYNJ9HAPHZ1WBRJTU2LZ72V";"212RJ85OZIZEW9G72NFOV5EWPFPX9P";"Two yes or no questions about a photograph";"Two yes or no questions: Is it blurry? Is it high quality?";"image photograph quality assessment blur blurry computer vision";"$0.01";"Sun May 08 06:27:43 GMT 2011";"5";"";"3600";"604800";"Sun May 15 06:27:43 GMT 2011";"49";"";"2LUYU98JHSTLQQRXSCA9NOBJ8OOPDS";"AA3V5BYE3MSQW";"Approved";"Sun May 08 06:33:43 GMT 2011";"Sun May 08 06:33:53 GMT 2011";"Sun May 15 06:33:53 GMT 2011";"Sun May 08 00:34:35 PDT 2011";"";"";"10";"100% (6/6)";"0% (0/0)";"0% (0/0)";"http://www.artoonie.com/projects/imagesorter/data_dance/DSC_0447.jpg";"1";"1"
"23QJIA0RYNJ9HAPHZ1WBRJTU2LZ72V";"212RJ85OZIZEW9G72NFOV5EWPFPX9P";"Two yes or no questions about a photograph";"Two yes or no questions: Is it blurry? Is it high quality?";"image photograph quality assessment blur blurry computer vision";"$0.01";"Sun May 08 06:27:43 GMT 2011";"5";"";"3600";"604800";"Sun May 15 06:27:43 GMT 2011";"49";"";"2MGK2JE1M7PKZWRO97FZFC04F4UWP8";"A16AKSCLSVCW9A";"Approved";"Sun May 08 06:31:20 GMT 2011";"Sun May 08 06:31:27 GMT 2011";"Sun May 15 06:31:27 GMT 2011";"Sun May 08 00:34:35 PDT 2011";"";"";"7";"100% (14/14)";"0% (0/0)";"0% (0/0)";"http://www.artoonie.com/projects/imagesorter/data_dance/DSC_0447.jpg";"1";"1"
"23QJIA0RYNJ9HAPHZ1WBRJTU2LZ72V";"212RJ85OZIZEW9G72NFOV5EWPFPX9P";"Two yes or no questions about a photograph";"Two yes or no questions: Is it blurry? Is it high quality?";"image photograph quality assessment blur blurry computer vision";"$0.01";"Sun May 08 06:27:43 GMT 2011";"5";"";"3600";"604800";"Sun May 15 06:27:43 GMT 2011";"49";"";"2QLP9RA7S5WMGTFV5P675JMHFFEYTD";"A184H6C5UDLM8R";"Approved";"Sun May 08 06:28:31 GMT 2011";"Sun May 08 06:29:42 GMT 2011";"Sun May 15 06:29:42 GMT 2011";"Sun May 08 00:34:35 PDT 2011";"";"";"71";"100% (69/69)";"0% (0/0)";"0% (0/0)";"http://www.artoonie.com/projects/imagesorter/data_dance/DSC_0447.jpg";"1";"1"
"23QJIA0RYNJ9HAPHZ1WBRJTU2LZ72V";"212RJ85OZIZEW9G72NFOV5EWPFPX9P";"Two yes or no questions about a photograph";"Two yes or no questions: Is it blurry? Is it high quality?";"image photograph quality assessment blur blurry computer vision";"$0.01";"Sun May 08 06:27:43 GMT 2011";"5";"";"3600";"604800";"Sun May 15 06:27:43 GMT 2011";"49";"";"2TLUHYW2GTP96XDPIXD1B9YSIK4RM4";"A322Y8X2ZRM8KX";"Approved";"Sun May 08 06:33:30 GMT 2011";"Sun May 08 06:33:49 GMT 2011";"Sun May 15 06:33:49 GMT 2011";"Sun May 08 00:34:35 PDT 2011";"";"";"19";"100% (17/17)";"0% (0/0)";"0% (0/0)";"http://www.artoonie.com/projects/imagesorter/data_dance/DSC_0447.jpg";"1";"0"
"23QJIA0RYNJ9HAPHZ1WBRJTU2LZ72V";"212RJ85OZIZEW9G72NFOV5EWPFPX9P";"Two yes or no questions about a photograph";"Two yes or no questions: Is it blurry? Is it high quality?";"image photograph quality assessment blur blurry computer vision";"$0.01";"Sun May 08 06:27:43 GMT 2011";"5";"";"3600";"604800";"Sun May 15 06:27:43 GMT 2011";"49";"";"2Y3DDP8PJWKUS0EUZCUQ89Z05BS6HD";"A3FW98CTBGUPDI";"Approved";"Sun May 08 06:38:14 GMT 2011";"Sun May 08 06:38:34 GMT 2011";"Sat May 14 23:38:34 PDT 2011";"Sun May 08 00:34:35 PDT 2011";"";"";"20";"100% (14/14)";"0% (0/0)";"0% (0/0)";"http://www.artoonie.com/projects/imagesorter/data_dance/DSC_0447.jpg";"1";"1"
"2F4NCWYB49F97FYEA2SJTNSTQ48OS5";"212RJ85OZIZEW9G72NFOV5EWPFPX9P";"Two yes or no questions about a photograph";"Two yes or no questions: Is it blurry? Is it high quality?";"image photograph quality assessment blur blurry computer vision";"$0.01";"Sun May 08 06:27:43 GMT 2011";"5";"";"3600";"604800";"Sun May 15 06:27:43 GMT 2011";"0";"";"2BC274J79KQWLOEKH7LXKCD4Z29GIH";"A1JRD82HD0LRTK";"Approved";"Sun May 08 06:30:46 GMT 2011";"Sun May 08 06:31:11 GMT 2011";"Sun May 15 06:31:11 GMT 2011";"Sun May 08 00:34:36 PDT 2011";"";"";"25";"100% (8/8)";"0% (0/0)";"0% (0/0)";"http://www.artoonie.com/projects/imagesorter/data_dance/DSC_0448.jpg";"0";"2"
"2F4NCWYB49F97FYEA2SJTNSTQ48OS5";"212RJ85OZIZEW9G72NFOV5EWPFPX9P";"Two yes or no questions about a photograph";"Two yes or no questions: Is it blurry? Is it high quality?";"image photograph quality assessment blur blurry computer vision";"$0.01";"Sun May 08 06:27:43 GMT 2011";"5";"";"3600";"604800";"Sun May 15 06:27:43 GMT 2011";"0";"";"2CXL8I9NZW6HTMCLR5HWCT863LSLVQ";"A3VP7RPTR7N2OS";"Approved";"Sun May 08 06:43:28 GMT 2011";"Sun May 08 06:43:49 GMT 2011";"Sat May 14 23:43:49 PDT 2011";"Sun May 08 00:34:36 PDT 2011";"";"";"21";"100% (4/4)";"0% (0/0)";"0% (0/0)";"http://www.artoonie.com/projects/imagesorter/data_dance/DSC_0448.jpg";"1";"1"
"2F4NCWYB49F97FYEA2SJTNSTQ48OS5";"212RJ85OZIZEW9G72NFOV5EWPFPX9P";"Two yes or no questions about a photograph";"Two yes or no questions: Is it blurry? Is it high quality?";"image photograph quality assessment blur blurry computer vision";"$0.01";"Sun May 08 06:27:43 GMT 2011";"5";"";"3600";"604800";"Sun May 15 06:27:43 GMT 2011";"0";"";"2HSG5R98D8J3A1DT5TKN3CG3GHHUEM";"A184H6C5UDLM8R";"Approved";"Sun May 08 06:37:33 GMT 2011";"Sun May 08 06:39:15 GMT 2011";"Sun May 15 06:39:15 GMT 2011";"Sun May 08 00:34:36 PDT 2011";"";"";"102";"100% (69/69)";"0% (0/0)";"0% (0/0)";"http://www.artoonie.com/projects/imagesorter/data_dance/DSC_0448.jpg";"0";"2"
"2F4NCWYB49F97FYEA2SJTNSTQ48OS5";"212RJ85OZIZEW9G72NFOV5EWPFPX9P";"Two yes or no questions about a photograph";"Two yes or no questions: Is it blurry? Is it high quality?";"image photograph quality assessment blur blurry computer vision";"$0.01";"Sun May 08 06:27:43 GMT 2011";"5";"";"3600";"604800";"Sun May 15 06:27:43 GMT 2011";"0";"";"2OJ9Y8TNKIMZ79BHSIJ2TM0PA0D9WR";"AR0G5UWWA0BHI";"Approved";"Sun May 08 06:41:44 GMT 2011";"Sun May 08 06:41:59 GMT 2011";"Sun May 15 06:41:59 GMT 2011";"Sun May 08 00:34:36 PDT 2011";"";"";"15";"100% (39/39)";"0% (0/0)";"0% (0/0)";"http://www.artoonie.com/projects/imagesorter/data_dance/DSC_0448.jpg";"0";"2"
"2F4NCWYB49F97FYEA2SJTNSTQ48OS5";"212RJ85OZIZEW9G72NFOV5EWPFPX9P";"Two yes or no questions about a photograph";"Two yes or no questions: Is it blurry? Is it high quality?";"image photograph quality assessment blur blurry computer vision";"$0.01";"Sun May 08 06:27:43 GMT 2011";"5";"";"3600";"604800";"Sun May 15 06:27:43 GMT 2011";"0";"";"2TS11K274J79ZD23E9E4BUXF6I2DFE";"A3BY7T9U69F9DZ";"Approved";"Sun May 08 06:36:34 GMT 2011";"Sun May 08 06:36:40 GMT 2011";"Sun May 15 06:36:40 GMT 2011";"Sun May 08 00:34:36 PDT 2011";"";"";"6";"100% (22/22)";"0% (0/0)";"0% (0/0)";"http://www.artoonie.com/projects/imagesorter/data_dance/DSC_0448.jpg";"1";"1"
"21062NJQ2172EWFNU72KQCVEWH2WOQ";"212RJ85OZIZEW9G72NFOV5EWPFPX9P";"Two yes or no questions about a photograph";"Two yes or no questions: Is it blurry? Is it high quality?";"image photograph quality assessment blur blurry computer vision";"$0.01";"Sun May 08 06:27:43 GMT 2011";"5";"";"3600";"604800";"Sun May 15 06:27:43 GMT 2011";"32";"";"273NVP3TVOK592P2EZYQJOZFSVQ14O";"A24O1Z2LQ1NEBS";"Approved";"Sun May 08 06:38:23 GMT 2011";"Sun May 08 06:38:36 GMT 2011";"Sun May 15 06:38:36 GMT 2011";"Sun May 08 00:34:36 PDT 2011";"";"";"13";"100% (33/33)";"0% (0/0)";"0% (0/0)";"http://www.artoonie.com/projects/imagesorter/data_dance/DSC_0449.jpg";"0";"2"
"21062NJQ2172EWFNU72KQCVEWH2WOQ";"212RJ85OZIZEW9G72NFOV5EWPFPX9P";"Two yes or no questions about a photograph";"Two yes or no questions: Is it blurry? Is it high quality?";"image photograph quality assessment blur blurry computer vision";"$0.01";"Sun May 08 06:27:43 GMT 2011";"5";"";"3600";"604800";"Sun May 15 06:27:43 GMT 2011";"32";"";"2BQ7QEOZFYQSGZYQZP6XWDS4CHYGJT";"A2SFJVVQBTZGTK";"Approved";"Sun May 08 06:30:48 GMT 2011";"Sun May 08 06:31:06 GMT 2011";"Sun May 15 06:31:06 GMT 2011";"Sun May 08 00:34:36 PDT 2011";"";"";"18";"100% (26/26)";"0% (0/0)";"0% (0/0)";"http://www.artoonie.com/projects/imagesorter/data_dance/DSC_0449.jpg";"0";"1"
"21062NJQ2172EWFNU72KQCVEWH2WOQ";"212RJ85OZIZEW9G72NFOV5EWPFPX9P";"Two yes or no questions about a photograph";"Two yes or no questions: Is it blurry? Is it high quality?";"image photograph quality assessment blur blurry computer vision";"$0.01";"Sun May 08 06:27:43 GMT 2011";"5";"";"3600";"604800";"Sun May 15 06:27:43 GMT 2011";"32";"";"2FMUKQOYGNIWGAY51HR157SVAFPZHX";"A322Y8X2ZRM8KX";"Approved";"Sun May 08 06:43:38 GMT 2011";"Sun May 08 06:44:09 GMT 2011";"Sat May 14 23:44:09 PDT 2011";"Sun May 08 00:34:36 PDT 2011";"";"";"31";"100% (17/17)";"0% (0/0)";"0% (0/0)";"http://www.artoonie.com/projects/imagesorter/data_dance/DSC_0449.jpg";"0";"2"
"21062NJQ2172EWFNU72KQCVEWH2WOQ";"212RJ85OZIZEW9G72NFOV5EWPFPX9P";"Two yes or no questions about a photograph";"Two yes or no questions: Is it blurry? Is it high quality?";"image photograph quality assessment blur blurry computer vision";"$0.01";"Sun May 08 06:27:43 GMT 2011";"5";"";"3600";"604800";"Sun May 15 06:27:43 GMT 2011";"32";"";"2OQ5COW0LGRZIVIOSM360NUZQIP7YC";"A3BY7T9U69F9DZ";"Approved";"Sun May 08 06:35:15 GMT 2011";"Sun May 08 06:35:20 GMT 2011";"Sun May 15 06:35:20 GMT 2011";"Sun May 08 00:34:36 PDT 2011";"";"";"5";"100% (22/22)";"0% (0/0)";"0% (0/0)";"http://www.artoonie.com/projects/imagesorter/data_dance/DSC_0449.jpg";"0";"2"
"21062NJQ2172EWFNU72KQCVEWH2WOQ";"212RJ85OZIZEW9G72NFOV5EWPFPX9P";"Two yes or no questions about a photograph";"Two yes or no questions: Is it blurry? Is it high quality?";"image photograph quality assessment blur blurry computer vision";"$0.01";"Sun May 08 06:27:43 GMT 2011";"5";"";"3600";"604800";"Sun May 15 06:27:43 GMT 2011";"32";"";"2Z1746OQ1SNQ5UW3K1W1VKCNL6YO4W";"A184H6C5UDLM8R";"Approved";"Sun May 08 06:39:50 GMT 2011";"Sun May 08 06:40:23 GMT 2011";"Sun May 15 06:40:23 GMT 2011";"Sun May 08 00:34:37 PDT 2011";"";"";"33";"100% (69/69)";"0% (0/0)";"0% (0/0)";"http://www.artoonie.com/projects/imagesorter/data_dance/DSC_0449.jpg";"0";"2"
"29D7WGKCCVLLIZG0GN8AUQ4CUASU4G";"212RJ85OZIZEW9G72NFOV5EWPFPX9P";"Two yes or no questions about a photograph";"Two yes or no questions: Is it blurry? Is it high quality?";"image photograph quality assessment blur blurry computer vision";"$0.01";"Sun May 08 06:27:43 GMT 2011";"5";"";"3600";"604800";"Sun May 15 06:27:43 GMT 2011";"32";"";"20AHPCGJ2D213Q22AIRJUPSIWPV4AE";"A1JRD82HD0LRTK";"Approved";"Sun May 08 06:29:58 GMT 2011";"Sun May 08 06:30:46 GMT 2011";"Sun May 15 06:30:46 GMT 2011";"Sun May 08 00:34:37 PDT 2011";"";"";"48";"100% (8/8)";"0% (0/0)";"0% (0/0)";"http://www.artoonie.com/projects/imagesorter/data_dance/DSC_0450.jpg";"0";"1"
"29D7WGKCCVLLIZG0GN8AUQ4CUASU4G";"212RJ85OZIZEW9G72NFOV5EWPFPX9P";"Two yes or no questions about a photograph";"Two yes or no questions: Is it blurry? Is it high quality?";"image photograph quality assessment blur blurry computer vision";"$0.01";"Sun May 08 06:27:43 GMT 2011";"5";"";"3600";"604800";"Sun May 15 06:27:43 GMT 2011";"32";"";"28349F9SSSHXGOPL0TK5M5F8D9LTX3";"A16AKSCLSVCW9A";"Approved";"Sun May 08 06:30:55 GMT 2011";"Sun May 08 06:31:03 GMT 2011";"Sun May 15 06:31:03 GMT 2011";"Sun May 08 00:34:37 PDT 2011";"";"";"8";"100% (14/14)";"0% (0/0)";"0% (0/0)";"http://www.artoonie.com/projects/imagesorter/data_dance/DSC_0450.jpg";"0";"0"
"29D7WGKCCVLLIZG0GN8AUQ4CUASU4G";"212RJ85OZIZEW9G72NFOV5EWPFPX9P";"Two yes or no questions about a photograph";"Two yes or no questions: Is it blurry? Is it high quality?";"image photograph quality assessment blur blurry computer vision";"$0.01";"Sun May 08 06:27:43 GMT 2011";"5";"";"3600";"604800";"Sun May 15 06:27:43 GMT 2011";"32";"";"2A9FL42J1LY5NYDZKNRILFKH7643OS";"A184H6C5UDLM8R";"Approved";"Sun May 08 06:38:25 GMT 2011";"Sun May 08 06:40:40 GMT 2011";"Sun May 15 06:40:40 GMT 2011";"Sun May 08 00:34:37 PDT 2011";"";"";"135";"100% (69/69)";"0% (0/0)";"0% (0/0)";"http://www.artoonie.com/projects/imagesorter/data_dance/DSC_0450.jpg";"0";"2"
"29D7WGKCCVLLIZG0GN8AUQ4CUASU4G";"212RJ85OZIZEW9G72NFOV5EWPFPX9P";"Two yes or no questions about a photograph";"Two yes or no questions: Is it blurry? Is it high quality?";"image photograph quality assessment blur blurry computer vision";"$0.01";"Sun May 08 06:27:43 GMT 2011";"5";"";"3600";"604800";"Sun May 15 06:27:43 GMT 2011";"32";"";"2BUA1QP6AUC2L0M3KESX8V0FE5A70B";"A24O1Z2LQ1NEBS";"Approved";"Sun May 08 06:40:17 GMT 2011";"Sun May 08 06:40:45 GMT 2011";"Sat May 14 23:40:45 PDT 2011";"Sun May 08 00:34:37 PDT 2011";"";"";"28";"100% (33/33)";"0% (0/0)";"0% (0/0)";"http://www.artoonie.com/projects/imagesorter/data_dance/DSC_0450.jpg";"0";"1"
"29D7WGKCCVLLIZG0GN8AUQ4CUASU4G";"212RJ85OZIZEW9G72NFOV5EWPFPX9P";"Two yes or no questions about a photograph";"Two yes or no questions: Is it blurry? Is it high quality?";"image photograph quality assessment blur blurry computer vision";"$0.01";"Sun May 08 06:27:43 GMT 2011";"5";"";"3600";"604800";"Sun May 15 06:27:43 GMT 2011";"32";"";"2GGQ1SNQQ7Q6MNBY3L3NW12TKHZ8SM";"A2SFJVVQBTZGTK";"Approved";"Sun May 08 06:38:04 GMT 2011";"Sun May 08 06:38:49 GMT 2011";"Sun May 15 06:38:49 GMT 2011";"Sun May 08 00:34:37 PDT 2011";"";"";"45";"100% (26/26)";"0% (0/0)";"0% (0/0)";"http://www.artoonie.com/projects/imagesorter/data_dance/DSC_0450.jpg";"0";"1"
"2VMBLYHVI44O7PQI794NJZSBVC7W2L";"212RJ85OZIZEW9G72NFOV5EWPFPX9P";"Two yes or no questions about a photograph";"Two yes or no questions: Is it blurry? Is it high quality?";"image photograph quality assessment blur blurry computer vision";"$0.01";"Sun May 08 06:27:43 GMT 2011";"5";"";"3600";"604800";"Sun May 15 06:27:43 GMT 2011";"50";"";"24426DG67D1XII6CX13OP2JEVR58F3";"A2SFJVVQBTZGTK";"Approved";"Sun May 08 06:36:27 GMT 2011";"Sun May 08 06:36:44 GMT 2011";"Sun May 15 06:36:44 GMT 2011";"Sun May 08 00:34:38 PDT 2011";"";"";"17";"100% (26/26)";"0% (0/0)";"0% (0/0)";"http://www.artoonie.com/projects/imagesorter/data_dance/DSC_0451.jpg";"0";"2"
"2VMBLYHVI44O7PQI794NJZSBVC7W2L";"212RJ85OZIZEW9G72NFOV5EWPFPX9P";"Two yes or no questions about a photograph";"Two yes or no questions: Is it blurry? Is it high quality?";"image photograph quality assessment blur blurry computer vision";"$0.01";"Sun May 08 06:27:43 GMT 2011";"5";"";"3600";"604800";"Sun May 15 06:27:43 GMT 2011";"50";"";"26QB49F9SSSHCO7G1OJTAH5F2O1WSO";"A1JRD82HD0LRTK";"Approved";"Sun May 08 06:31:47 GMT 2011";"Sun May 08 06:32:06 GMT 2011";"Sun May 15 06:32:06 GMT 2011";"Sun May 08 00:34:38 PDT 2011";"";"";"19";"100% (8/8)";"0% (0/0)";"0% (0/0)";"http://www.artoonie.com/projects/imagesorter/data_dance/DSC_0451.jpg";"0";"1"
"2VMBLYHVI44O7PQI794NJZSBVC7W2L";"212RJ85OZIZEW9G72NFOV5EWPFPX9P";"Two yes or no questions about a photograph";"Two yes or no questions: Is it blurry? Is it high quality?";"image photograph quality assessment blur blurry computer vision";"$0.01";"Sun May 08 06:27:43 GMT 2011";"5";"";"3600";"604800";"Sun May 15 06:27:43 GMT 2011";"50";"";"2EKMEZZ2MIKM2W052AP3DTWWRNZN61";"A184H6C5UDLM8R";"Approved";"Sun May 08 06:34:25 GMT 2011";"Sun May 08 06:34:38 GMT 2011";"Sun May 15 06:34:38 GMT 2011";"Sun May 08 00:34:38 PDT 2011";"";"";"13";"100% (69/69)";"0% (0/0)";"0% (0/0)";"http://www.artoonie.com/projects/imagesorter/data_dance/DSC_0451.jpg";"0";"2"
"2VMBLYHVI44O7PQI794NJZSBVC7W2L";"212RJ85OZIZEW9G72NFOV5EWPFPX9P";"Two yes or no questions about a photograph";"Two yes or no questions: Is it blurry? Is it high quality?";"image photograph quality assessment blur blurry computer vision";"$0.01";"Sun May 08 06:27:43 GMT 2011";"5";"";"3600";"604800";"Sun May 15 06:27:43 GMT 2011";"50";"";"2N52AC9KSSZVCK8NH6LUPQOYASFJ1W";"A14IQ4GLNWNPOJ";"Approved";"Sun May 08 06:31:06 GMT 2011";"Sun May 08 06:31:48 GMT 2011";"Sun May 15 06:31:48 GMT 2011";"Sun May 08 00:34:38 PDT 2011";"";"";"42";"100% (8/8)";"0% (0/0)";"0% (0/0)";"http://www.artoonie.com/projects/imagesorter/data_dance/DSC_0451.jpg";"0";"2"
"2VMBLYHVI44O7PQI794NJZSBVC7W2L";"212RJ85OZIZEW9G72NFOV5EWPFPX9P";"Two yes or no questions about a photograph";"Two yes or no questions: Is it blurry? Is it high quality?";"image photograph quality assessment blur blurry computer vision";"$0.01";"Sun May 08 06:27:43 GMT 2011";"5";"";"3600";"604800";"Sun May 15 06:27:43 GMT 2011";"50";"";"2XLBJ3MMDX5F4UT3FL8BEMDXINWDZ2";"A2UC0CGDN7919I";"Approved";"Sun May 08 06:39:38 GMT 2011";"Sun May 08 06:39:55 GMT 2011";"Sat May 14 23:39:55 PDT 2011";"Sun May 08 00:34:38 PDT 2011";"";"";"17";"100% (16/16)";"0% (0/0)";"0% (0/0)";"http://www.artoonie.com/projects/imagesorter/data_dance/DSC_0451.jpg";"0";"2"
"2U78PJWKUDD8C9H0340Z5B6UEB99KV";"212RJ85OZIZEW9G72NFOV5EWPFPX9P";"Two yes or no questions about a photograph";"Two yes or no questions: Is it blurry? Is it high quality?";"image photograph quality assessment blur blurry computer vision";"$0.01";"Sun May 08 06:27:43 GMT 2011";"5";"";"3600";"604800";"Sun May 15 06:27:43 GMT 2011";"29";"";"2DLVOK5UFJ51DUWB106YVS1CMYK69N";"A3GR63KAHHUXKX";"Approved";"Sun May 08 06:37:04 GMT 2011";"Sun May 08 06:37:18 GMT 2011";"Sun May 15 06:37:18 GMT 2011";"Sun May 08 00:34:38 PDT 2011";"";"";"14";"100% (28/28)";"0% (0/0)";"0% (0/0)";"http://www.artoonie.com/projects/imagesorter/data_dance/DSC_0452.jpg";"0";"2"
"2U78PJWKUDD8C9H0340Z5B6UEB99KV";"212RJ85OZIZEW9G72NFOV5EWPFPX9P";"Two yes or no questions about a photograph";"Two yes or no questions: Is it blurry? Is it high quality?";"image photograph quality assessment blur blurry computer vision";"$0.01";"Sun May 08 06:27:43 GMT 2011";"5";"";"3600";"604800";"Sun May 15 06:27:43 GMT 2011";"29";"";"2JQ8TNKIMZSMK7LE53FM5PGV98FBY1";"A184H6C5UDLM8R";"Approved";"Sun May 08 06:32:10 GMT 2011";"Sun May 08 06:34:46 GMT 2011";"Sun May 15 06:34:46 GMT 2011";"Sun May 08 00:34:38 PDT 2011";"";"";"156";"100% (69/69)";"0% (0/0)";"0% (0/0)";"http://www.artoonie.com/projects/imagesorter/data_dance/DSC_0452.jpg";"0";"1"
"2U78PJWKUDD8C9H0340Z5B6UEB99KV";"212RJ85OZIZEW9G72NFOV5EWPFPX9P";"Two yes or no questions about a photograph";"Two yes or no questions: Is it blurry? Is it high quality?";"image photograph quality assessment blur blurry computer vision";"$0.01";"Sun May 08 06:27:43 GMT 2011";"5";"";"3600";"604800";"Sun May 15 06:27:43 GMT 2011";"29";"";"2JXSW6NG1FS32LTGOZ61KZSZF7UJXO";"A3BY7T9U69F9DZ";"Approved";"Sun May 08 06:34:43 GMT 2011";"Sun May 08 06:34:49 GMT 2011";"Sun May 15 06:34:49 GMT 2011";"Sun May 08 00:34:38 PDT 2011";"";"";"6";"100% (22/22)";"0% (0/0)";"0% (0/0)";"http://www.artoonie.com/projects/imagesorter/data_dance/DSC_0452.jpg";"1";"1"
"2U78PJWKUDD8C9H0340Z5B6UEB99KV";"212RJ85OZIZEW9G72NFOV5EWPFPX9P";"Two yes or no questions about a photograph";"Two yes or no questions: Is it blurry? Is it high quality?";"image photograph quality assessment blur blurry computer vision";"$0.01";"Sun May 08 06:27:43 GMT 2011";"5";"";"3600";"604800";"Sun May 15 06:27:43 GMT 2011";"29";"";"2LUYU98JHSTLQQRXSCA9NOBJ8OPDPH";"A2SFJVVQBTZGTK";"Approved";"Sun May 08 06:37:27 GMT 2011";"Sun May 08 06:37:44 GMT 2011";"Sun May 15 06:37:44 GMT 2011";"Sun May 08 00:34:39 PDT 2011";"";"";"17";"100% (26/26)";"0% (0/0)";"0% (0/0)";"http://www.artoonie.com/projects/imagesorter/data_dance/DSC_0452.jpg";"1";"1"
"2U78PJWKUDD8C9H0340Z5B6UEB99KV";"212RJ85OZIZEW9G72NFOV5EWPFPX9P";"Two yes or no questions about a photograph";"Two yes or no questions: Is it blurry? Is it high quality?";"image photograph quality assessment blur blurry computer vision";"$0.01";"Sun May 08 06:27:43 GMT 2011";"5";"";"3600";"604800";"Sun May 15 06:27:43 GMT 2011";"29";"";"2MPKNQY2RCJKLQ5SR48R5KUI4V73SP";"A2E6XVPMAI0ON0";"Approved";"Sun May 08 06:38:55 GMT 2011";"Sun May 08 06:40:00 GMT 2011";"Sat May 14 23:40:00 PDT 2011";"Sun May 08 00:34:39 PDT 2011";"";"";"65";"100% (7/7)";"0% (0/0)";"0% (0/0)";"http://www.artoonie.com/projects/imagesorter/data_dance/DSC_0452.jpg";"0";"1"
"2PQMQU6L5OBVR57OAYVANJF71H3XEH";"212RJ85OZIZEW9G72NFOV5EWPFPX9P";"Two yes or no questions about a photograph";"Two yes or no questions: Is it blurry? Is it high quality?";"image photograph quality assessment blur blurry computer vision";"$0.01";"Sun May 08 06:27:43 GMT 2011";"5";"";"3600";"604800";"Sun May 15 06:27:43 GMT 2011";"32";"";"21Q0LWSBRI8I9Y8V7AZJMSTL58J1D1";"AR0G5UWWA0BHI";"Approved";"Sun May 08 06:39:53 GMT 2011";"Sun May 08 06:40:09 GMT 2011";"Sun May 15 06:40:09 GMT 2011";"Sun May 08 00:34:39 PDT 2011";"";"";"16";"100% (39/39)";"0% (0/0)";"0% (0/0)";"http://www.artoonie.com/projects/imagesorter/data_dance/DSC_0453.jpg";"0";"2"
"2PQMQU6L5OBVR57OAYVANJF71H3XEH";"212RJ85OZIZEW9G72NFOV5EWPFPX9P";"Two yes or no questions about a photograph";"Two yes or no questions: Is it blurry? Is it high quality?";"image photograph quality assessment blur blurry computer vision";"$0.01";"Sun May 08 06:27:43 GMT 2011";"5";"";"3600";"604800";"Sun May 15 06:27:43 GMT 2011";"32";"";"22KCXKNQY2RCY7C0CW53MR0KON71Q5";"A3BY7T9U69F9DZ";"Approved";"Sun May 08 06:34:05 GMT 2011";"Sun May 08 06:34:11 GMT 2011";"Sun May 15 06:34:11 GMT 2011";"Sun May 08 00:34:39 PDT 2011";"";"";"6";"100% (22/22)";"0% (0/0)";"0% (0/0)";"http://www.artoonie.com/projects/imagesorter/data_dance/DSC_0453.jpg";"1";"1"
"2PQMQU6L5OBVR57OAYVANJF71H3XEH";"212RJ85OZIZEW9G72NFOV5EWPFPX9P";"Two yes or no questions about a photograph";"Two yes or no questions: Is it blurry? Is it high quality?";"image photograph quality assessment blur blurry computer vision";"$0.01";"Sun May 08 06:27:43 GMT 2011";"5";"";"3600";"604800";"Sun May 15 06:27:43 GMT 2011";"32";"";"25H3TVOK5UFJKO443FFZKYQSVHQ47O";"A2UC0CGDN7919I";"Approved";"Sun May 08 06:40:15 GMT 2011";"Sun May 08 06:40:33 GMT 2011";"Sat May 14 23:40:33 PDT 2011";"Sun May 08 00:34:39 PDT 2011";"";"";"18";"100% (16/16)";"0% (0/0)";"0% (0/0)";"http://www.artoonie.com/projects/imagesorter/data_dance/DSC_0453.jpg";"0";"2"
"2PQMQU6L5OBVR57OAYVANJF71H3XEH";"212RJ85OZIZEW9G72NFOV5EWPFPX9P";"Two yes or no questions about a photograph";"Two yes or no questions: Is it blurry? Is it high quality?";"image photograph quality assessment blur blurry computer vision";"$0.01";"Sun May 08 06:27:43 GMT 2011";"5";"";"3600";"604800";"Sun May 15 06:27:43 GMT 2011";"32";"";"2JZ46OQ1SNQQMDC4D6SQPCNRV7QP5K";"A24O1Z2LQ1NEBS";"Approved";"Sun May 08 06:33:03 GMT 2011";"Sun May 08 06:33:16 GMT 2011";"Sun May 15 06:33:16 GMT 2011";"Sun May 08 00:34:39 PDT 2011";"";"";"13";"100% (33/33)";"0% (0/0)";"0% (0/0)";"http://www.artoonie.com/projects/imagesorter/data_dance/DSC_0453.jpg";"0";"2"
"2PQMQU6L5OBVR57OAYVANJF71H3XEH";"212RJ85OZIZEW9G72NFOV5EWPFPX9P";"Two yes or no questions about a photograph";"Two yes or no questions: Is it blurry? Is it high quality?";"image photograph quality assessment blur blurry computer vision";"$0.01";"Sun May 08 06:27:43 GMT 2011";"5";"";"3600";"604800";"Sun May 15 06:27:43 GMT 2011";"32";"";"2L5PGFL6VCPWEWXKQX9O01S7MS06LJ";"A184H6C5UDLM8R";"Approved";"Sun May 08 06:28:37 GMT 2011";"Sun May 08 06:30:48 GMT 2011";"Sun May 15 06:30:48 GMT 2011";"Sun May 08 00:34:39 PDT 2011";"";"";"131";"100% (69/69)";"0% (0/0)";"0% (0/0)";"http://www.artoonie.com/projects/imagesorter/data_dance/DSC_0453.jpg";"0";"2"
"2NFBAT2D5NQY2SL031AGATYM8ZZ736";"212RJ85OZIZEW9G72NFOV5EWPFPX9P";"Two yes or no questions about a photograph";"Two yes or no questions: Is it blurry? Is it high quality?";"image photograph quality assessment blur blurry computer vision";"$0.01";"Sun May 08 06:27:43 GMT 2011";"5";"";"3600";"604800";"Sun May 15 06:27:43 GMT 2011";"32";"";"22RVXX2Q45UUZDUVTO9W6NS8ILYR96";"A1JT9VBZ87MNXN";"Approved";"Sun May 08 06:42:57 GMT 2011";"Sun May 08 06:43:15 GMT 2011";"Sat May 14 23:43:15 PDT 2011";"Sun May 08 00:34:40 PDT 2011";"";"";"18";"100% (5/5)";"0% (0/0)";"0% (0/0)";"http://www.artoonie.com/projects/imagesorter/data_dance/DSC_0454.jpg";"1";"2"
"2NFBAT2D5NQY2SL031AGATYM8ZZ736";"212RJ85OZIZEW9G72NFOV5EWPFPX9P";"Two yes or no questions about a photograph";"Two yes or no questions: Is it blurry? Is it high quality?";"image photograph quality assessment blur blurry computer vision";"$0.01";"Sun May 08 06:27:43 GMT 2011";"5";"";"3600";"604800";"Sun May 15 06:27:43 GMT 2011";"32";"";"29UMIKMN9U8POL956XNXN3SUSNJSB4";"A24O1Z2LQ1NEBS";"Approved";"Sun May 08 06:35:50 GMT 2011";"Sun May 08 06:36:07 GMT 2011";"Sun May 15 06:36:07 GMT 2011";"Sun May 08 00:34:40 PDT 2011";"";"";"17";"100% (33/33)";"0% (0/0)";"0% (0/0)";"http://www.artoonie.com/projects/imagesorter/data_dance/DSC_0454.jpg";"0";"2"
"2NFBAT2D5NQY2SL031AGATYM8ZZ736";"212RJ85OZIZEW9G72NFOV5EWPFPX9P";"Two yes or no questions about a photograph";"Two yes or no questions: Is it blurry? Is it high quality?";"image photograph quality assessment blur blurry computer vision";"$0.01";"Sun May 08 06:27:43 GMT 2011";"5";"";"3600";"604800";"Sun May 15 06:27:43 GMT 2011";"32";"";"2R7L42J1LY58QU84Z19GKKHDVBV4PU";"A184H6C5UDLM8R";"Approved";"Sun May 08 06:32:12 GMT 2011";"Sun May 08 06:34:52 GMT 2011";"Sun May 15 06:34:52 GMT 2011";"Sun May 08 00:34:40 PDT 2011";"";"";"160";"100% (69/69)";"0% (0/0)";"0% (0/0)";"http://www.artoonie.com/projects/imagesorter/data_dance/DSC_0454.jpg";"0";"2"
"2NFBAT2D5NQY2SL031AGATYM8ZZ736";"212RJ85OZIZEW9G72NFOV5EWPFPX9P";"Two yes or no questions about a photograph";"Two yes or no questions: Is it blurry? Is it high quality?";"image photograph quality assessment blur blurry computer vision";"$0.01";"Sun May 08 06:27:43 GMT 2011";"5";"";"3600";"604800";"Sun May 15 06:27:43 GMT 2011";"32";"";"2TOKUDD8XMB35QFWDCXUYO6TYJTDO0";"A322Y8X2ZRM8KX";"Approved";"Sun May 08 06:37:23 GMT 2011";"Sun May 08 06:40:32 GMT 2011";"Sun May 15 06:40:32 GMT 2011";"Sun May 08 00:34:40 PDT 2011";"";"";"189";"100% (17/17)";"0% (0/0)";"0% (0/0)";"http://www.artoonie.com/projects/imagesorter/data_dance/DSC_0454.jpg";"0";"1"
"2NFBAT2D5NQY2SL031AGATYM8ZZ736";"212RJ85OZIZEW9G72NFOV5EWPFPX9P";"Two yes or no questions about a photograph";"Two yes or no questions: Is it blurry? Is it high quality?";"image photograph quality assessment blur blurry computer vision";"$0.01";"Sun May 08 06:27:43 GMT 2011";"5";"";"3600";"604800";"Sun May 15 06:27:43 GMT 2011";"32";"";"2U91Q6SVQ8H8N9WRJMWOGVCIVWU4NY";"A16AKSCLSVCW9A";"Approved";"Sun May 08 06:31:50 GMT 2011";"Sun May 08 06:31:59 GMT 2011";"Sun May 15 06:31:59 GMT 2011";"Sun May 08 00:34:40 PDT 2011";"";"";"9";"100% (14/14)";"0% (0/0)";"0% (0/0)";"http://www.artoonie.com/projects/imagesorter/data_dance/DSC_0454.jpg";"1";"1"
"23I5BMJTUHYWH3ZMMS17X5WMMTCMH3";"212RJ85OZIZEW9G72NFOV5EWPFPX9P";"Two yes or no questions about a photograph";"Two yes or no questions: Is it blurry? Is it high quality?";"image photograph quality assessment blur blurry computer vision";"$0.01";"Sun May 08 06:27:43 GMT 2011";"5";"";"3600";"604800";"Sun May 15 06:27:43 GMT 2011";"53";"";"2C21QP6AUC26S3C4Q2O300FKUHM18V";"A2SFJVVQBTZGTK";"Approved";"Sun May 08 06:39:03 GMT 2011";"Sun May 08 06:39:17 GMT 2011";"Sat May 14 23:39:17 PDT 2011";"Sun May 08 00:34:40 PDT 2011";"";"";"14";"100% (26/26)";"0% (0/0)";"0% (0/0)";"http://www.artoonie.com/projects/imagesorter/data_dance/DSC_0455.jpg";"1";"1"
"23I5BMJTUHYWH3ZMMS17X5WMMTCMH3";"212RJ85OZIZEW9G72NFOV5EWPFPX9P";"Two yes or no questions about a photograph";"Two yes or no questions: Is it blurry? Is it high quality?";"image photograph quality assessment blur blurry computer vision";"$0.01";"Sun May 08 06:27:43 GMT 2011";"5";"";"3600";"604800";"Sun May 15 06:27:43 GMT 2011";"53";"";"2F3MJTUHYW2G8CFON8J51M1633PJOJ";"A24O1Z2LQ1NEBS";"Approved";"Sun May 08 06:33:51 GMT 2011";"Sun May 08 06:34:24 GMT 2011";"Sun May 15 06:34:24 GMT 2011";"Sun May 08 00:34:40 PDT 2011";"";"";"33";"100% (33/33)";"0% (0/0)";"0% (0/0)";"http://www.artoonie.com/projects/imagesorter/data_dance/DSC_0455.jpg";"0";"1"
"23I5BMJTUHYWH3ZMMS17X5WMMTCMH3";"212RJ85OZIZEW9G72NFOV5EWPFPX9P";"Two yes or no questions about a photograph";"Two yes or no questions: Is it blurry? Is it high quality?";"image photograph quality assessment blur blurry computer vision";"$0.01";"Sun May 08 06:27:43 GMT 2011";"5";"";"3600";"604800";"Sun May 15 06:27:43 GMT 2011";"53";"";"2JCSSZVXX2Q4KH0H3PPGSIW1HX56O0";"A14IQ4GLNWNPOJ";"Approved";"Sun May 08 06:29:49 GMT 2011";"Sun May 08 06:30:23 GMT 2011";"Sun May 15 06:30:23 GMT 2011";"Sun May 08 00:34:40 PDT 2011";"";"";"34";"100% (8/8)";"0% (0/0)";"0% (0/0)";"http://www.artoonie.com/projects/imagesorter/data_dance/DSC_0455.jpg";"0";"1"
"23I5BMJTUHYWH3ZMMS17X5WMMTCMH3";"212RJ85OZIZEW9G72NFOV5EWPFPX9P";"Two yes or no questions about a photograph";"Two yes or no questions: Is it blurry? Is it high quality?";"image photograph quality assessment blur blurry computer vision";"$0.01";"Sun May 08 06:27:43 GMT 2011";"5";"";"3600";"604800";"Sun May 15 06:27:43 GMT 2011";"53";"";"2UA62NJQ2172EWFNU72KQCVE5ZYWOR";"A1JRD82HD0LRTK";"Approved";"Sun May 08 06:31:12 GMT 2011";"Sun May 08 06:31:46 GMT 2011";"Sun May 15 06:31:46 GMT 2011";"Sun May 08 00:34:41 PDT 2011";"";"";"34";"100% (8/8)";"0% (0/0)";"0% (0/0)";"http://www.artoonie.com/projects/imagesorter/data_dance/DSC_0455.jpg";"0";"2"
"23I5BMJTUHYWH3ZMMS17X5WMMTCMH3";"212RJ85OZIZEW9G72NFOV5EWPFPX9P";"Two yes or no questions about a photograph";"Two yes or no questions: Is it blurry? Is it high quality?";"image photograph quality assessment blur blurry computer vision";"$0.01";"Sun May 08 06:27:43 GMT 2011";"5";"";"3600";"604800";"Sun May 15 06:27:43 GMT 2011";"53";"";"2Z4GJ2D21O3WKKNXWQGSN2KY8UI7D3";"A18BNK9C6966ZJ";"Approved";"Sun May 08 06:32:38 GMT 2011";"Sun May 08 06:32:52 GMT 2011";"Sun May 15 06:32:52 GMT 2011";"Sun May 08 00:34:41 PDT 2011";"";"";"14";"100% (11/11)";"0% (0/0)";"0% (0/0)";"http://www.artoonie.com/projects/imagesorter/data_dance/DSC_0455.jpg";"1";"0"
"2EWRSQV66RLPW5Z0UWNA0KI6NAMC4P";"212RJ85OZIZEW9G72NFOV5EWPFPX9P";"Two yes or no questions about a photograph";"Two yes or no questions: Is it blurry? Is it high quality?";"image photograph quality assessment blur blurry computer vision";"$0.01";"Sun May 08 06:27:43 GMT 2011";"5";"";"3600";"604800";"Sun May 15 06:27:43 GMT 2011";"39";"";"21Z0G5R98D8JIIK49TJTSYCGXRADTM";"A3FW98CTBGUPDI";"Approved";"Sun May 08 06:37:59 GMT 2011";"Sun May 08 06:38:14 GMT 2011";"Sun May 15 06:38:14 GMT 2011";"Sun May 08 00:34:41 PDT 2011";"";"";"15";"100% (14/14)";"0% (0/0)";"0% (0/0)";"http://www.artoonie.com/projects/imagesorter/data_dance/DSC_0456.jpg";"0";"1"
"2EWRSQV66RLPW5Z0UWNA0KI6NAMC4P";"212RJ85OZIZEW9G72NFOV5EWPFPX9P";"Two yes or no questions about a photograph";"Two yes or no questions: Is it blurry? Is it high quality?";"image photograph quality assessment blur blurry computer vision";"$0.01";"Sun May 08 06:27:43 GMT 2011";"5";"";"3600";"604800";"Sun May 15 06:27:43 GMT 2011";"39";"";"28XPQJQ9OPLLCZDRZSOGDKCOTQT1Z0";"A24O1Z2LQ1NEBS";"Approved";"Sun May 08 06:41:40 GMT 2011";"Sun May 08 06:41:53 GMT 2011";"Sat May 14 23:41:53 PDT 2011";"Sun May 08 00:34:41 PDT 2011";"";"";"13";"100% (33/33)";"0% (0/0)";"0% (0/0)";"http://www.artoonie.com/projects/imagesorter/data_dance/DSC_0456.jpg";"1";"0"
"2EWRSQV66RLPW5Z0UWNA0KI6NAMC4P";"212RJ85OZIZEW9G72NFOV5EWPFPX9P";"Two yes or no questions about a photograph";"Two yes or no questions: Is it blurry? Is it high quality?";"image photograph quality assessment blur blurry computer vision";"$0.01";"Sun May 08 06:27:43 GMT 2011";"5";"";"3600";"604800";"Sun May 15 06:27:43 GMT 2011";"39";"";"29PR24SMEZZ215QJ0AL8U9Y32YU2JX";"A2SFJVVQBTZGTK";"Approved";"Sun May 08 06:34:17 GMT 2011";"Sun May 08 06:34:35 GMT 2011";"Sun May 15 06:34:35 GMT 2011";"Sun May 08 00:34:41 PDT 2011";"";"";"18";"100% (26/26)";"0% (0/0)";"0% (0/0)";"http://www.artoonie.com/projects/imagesorter/data_dance/DSC_0456.jpg";"1";"0"
"2EWRSQV66RLPW5Z0UWNA0KI6NAMC4P";"212RJ85OZIZEW9G72NFOV5EWPFPX9P";"Two yes or no questions about a photograph";"Two yes or no questions: Is it blurry? Is it high quality?";"image photograph quality assessment blur blurry computer vision";"$0.01";"Sun May 08 06:27:43 GMT 2011";"5";"";"3600";"604800";"Sun May 15 06:27:43 GMT 2011";"39";"";"2OJ9Y8TNKIMZ79BHSIJ2TM0PA0BW9C";"A1863NSK9KMS8E";"Approved";"Sun May 08 06:30:37 GMT 2011";"Sun May 08 06:30:45 GMT 2011";"Sun May 15 06:30:45 GMT 2011";"Sun May 08 00:34:41 PDT 2011";"";"";"8";"100% (1/1)";"0% (0/0)";"0% (0/0)";"http://www.artoonie.com/projects/imagesorter/data_dance/DSC_0456.jpg";"1";"0"
"2EWRSQV66RLPW5Z0UWNA0KI6NAMC4P";"212RJ85OZIZEW9G72NFOV5EWPFPX9P";"Two yes or no questions about a photograph";"Two yes or no questions: Is it blurry? Is it high quality?";"image photograph quality assessment blur blurry computer vision";"$0.01";"Sun May 08 06:27:43 GMT 2011";"5";"";"3600";"604800";"Sun May 15 06:27:43 GMT 2011";"39";"";"2Q5HDM25L8I92M23UFQ6TE4QQCQQGU";"A184H6C5UDLM8R";"Approved";"Sun May 08 06:37:36 GMT 2011";"Sun May 08 06:39:27 GMT 2011";"Sun May 15 06:39:27 GMT 2011";"Sun May 08 00:34:41 PDT 2011";"";"";"111";"100% (69/69)";"0% (0/0)";"0% (0/0)";"http://www.artoonie.com/projects/imagesorter/data_dance/DSC_0456.jpg";"1";"0"
"2T1011K274J7O7WTJ2ZN96UX0ZGECX";"212RJ85OZIZEW9G72NFOV5EWPFPX9P";"Two yes or no questions about a photograph";"Two yes or no questions: Is it blurry? Is it high quality?";"image photograph quality assessment blur blurry computer vision";"$0.01";"Sun May 08 06:27:43 GMT 2011";"5";"";"3600";"604800";"Sun May 15 06:27:43 GMT 2011";"54";"";"21U4SMEZZ2MIZ9T679G9338TQ1U4LW";"A18BNK9C6966ZJ";"Approved";"Sun May 08 06:31:46 GMT 2011";"Sun May 08 06:31:59 GMT 2011";"Sun May 15 06:31:59 GMT 2011";"Sun May 08 00:34:41 PDT 2011";"";"";"13";"100% (11/11)";"0% (0/0)";"0% (0/0)";"http://www.artoonie.com/projects/imagesorter/data_dance/DSC_0457.jpg";"0";"0"
"2T1011K274J7O7WTJ2ZN96UX0ZGECX";"212RJ85OZIZEW9G72NFOV5EWPFPX9P";"Two yes or no questions about a photograph";"Two yes or no questions: Is it blurry? Is it high quality?";"image photograph quality assessment blur blurry computer vision";"$0.01";"Sun May 08 06:27:43 GMT 2011";"5";"";"3600";"604800";"Sun May 15 06:27:43 GMT 2011";"54";"";"2BANMHGYQ4J32XH3OGDFKOYYCYY9MZ";"A184H6C5UDLM8R";"Approved";"Sun May 08 06:30:49 GMT 2011";"Sun May 08 06:31:10 GMT 2011";"Sun May 15 06:31:10 GMT 2011";"Sun May 08 00:34:41 PDT 2011";"";"";"21";"100% (69/69)";"0% (0/0)";"0% (0/0)";"http://www.artoonie.com/projects/imagesorter/data_dance/DSC_0457.jpg";"0";"2"
"2T1011K274J7O7WTJ2ZN96UX0ZGECX";"212RJ85OZIZEW9G72NFOV5EWPFPX9P";"Two yes or no questions about a photograph";"Two yes or no questions: Is it blurry? Is it high quality?";"image photograph quality assessment blur blurry computer vision";"$0.01";"Sun May 08 06:27:43 GMT 2011";"5";"";"3600";"604800";"Sun May 15 06:27:43 GMT 2011";"54";"";"2F73Q0JG5TYM2Z2VO50FESSSB2YFJT";"A24O1Z2LQ1NEBS";"Approved";"Sun May 08 06:39:19 GMT 2011";"Sun May 08 06:39:43 GMT 2011";"Sat May 14 23:39:43 PDT 2011";"Sun May 08 00:34:42 PDT 2011";"";"";"24";"100% (33/33)";"0% (0/0)";"0% (0/0)";"http://www.artoonie.com/projects/imagesorter/data_dance/DSC_0457.jpg";"0";"2"
"2T1011K274J7O7WTJ2ZN96UX0ZGECX";"212RJ85OZIZEW9G72NFOV5EWPFPX9P";"Two yes or no questions about a photograph";"Two yes or no questions: Is it blurry? Is it high quality?";"image photograph quality assessment blur blurry computer vision";"$0.01";"Sun May 08 06:27:43 GMT 2011";"5";"";"3600";"604800";"Sun May 15 06:27:43 GMT 2011";"54";"";"2GMXFCD45XCE8AJP0UBIS3TGJ9XWY2";"A1JRD82HD0LRTK";"Approved";"Sun May 08 06:32:28 GMT 2011";"Sun May 08 06:32:38 GMT 2011";"Sun May 15 06:32:38 GMT 2011";"Sun May 08 00:34:42 PDT 2011";"";"";"10";"100% (8/8)";"0% (0/0)";"0% (0/0)";"http://www.artoonie.com/projects/imagesorter/data_dance/DSC_0457.jpg";"0";"1"
"2T1011K274J7O7WTJ2ZN96UX0ZGECX";"212RJ85OZIZEW9G72NFOV5EWPFPX9P";"Two yes or no questions about a photograph";"Two yes or no questions: Is it blurry? Is it high quality?";"image photograph quality assessment blur blurry computer vision";"$0.01";"Sun May 08 06:27:43 GMT 2011";"5";"";"3600";"604800";"Sun May 15 06:27:43 GMT 2011";"54";"";"2RHCGJ2D21O3BS3EDKGPXI2KSJMC69";"A3BY7T9U69F9DZ";"Approved";"Sun May 08 06:33:05 GMT 2011";"Sun May 08 06:33:11 GMT 2011";"Sun May 15 06:33:11 GMT 2011";"Sun May 08 00:34:42 PDT 2011";"";"";"6";"100% (22/22)";"0% (0/0)";"0% (0/0)";"http://www.artoonie.com/projects/imagesorter/data_dance/DSC_0457.jpg";"0";"2"
"27WOZFYQS1CS89UCAS4S9IC1ZLGJM5";"212RJ85OZIZEW9G72NFOV5EWPFPX9P";"Two yes or no questions about a photograph";"Two yes or no questions: Is it blurry? Is it high quality?";"image photograph quality assessment blur blurry computer vision";"$0.01";"Sun May 08 06:27:43 GMT 2011";"5";"";"3600";"604800";"Sun May 15 06:27:43 GMT 2011";"14";"";"22C9RJ85OZIZT4S7NQDOTQ5EQUTW8N";"A2SFJVVQBTZGTK";"Approved";"Sun May 08 06:30:03 GMT 2011";"Sun May 08 06:30:21 GMT 2011";"Sun May 15 06:30:21 GMT 2011";"Sun May 08 00:34:42 PDT 2011";"";"";"18";"100% (26/26)";"0% (0/0)";"0% (0/0)";"http://www.artoonie.com/projects/imagesorter/data_dance/DSC_0458.jpg";"0";"2"
"27WOZFYQS1CS89UCAS4S9IC1ZLGJM5";"212RJ85OZIZEW9G72NFOV5EWPFPX9P";"Two yes or no questions about a photograph";"Two yes or no questions: Is it blurry? Is it high quality?";"image photograph quality assessment blur blurry computer vision";"$0.01";"Sun May 08 06:27:43 GMT 2011";"5";"";"3600";"604800";"Sun May 15 06:27:43 GMT 2011";"14";"";"2AT1K274J79K5JCYLOV6ZXFC793GE9";"A2UC0CGDN7919I";"Approved";"Sun May 08 06:41:35 GMT 2011";"Sun May 08 06:41:49 GMT 2011";"Sun May 15 06:41:49 GMT 2011";"Sun May 08 00:34:42 PDT 2011";"";"";"14";"100% (16/16)";"0% (0/0)";"0% (0/0)";"http://www.artoonie.com/projects/imagesorter/data_dance/DSC_0458.jpg";"0";"2"
"27WOZFYQS1CS89UCAS4S9IC1ZLGJM5";"212RJ85OZIZEW9G72NFOV5EWPFPX9P";"Two yes or no questions about a photograph";"Two yes or no questions: Is it blurry? Is it high quality?";"image photograph quality assessment blur blurry computer vision";"$0.01";"Sun May 08 06:27:43 GMT 2011";"5";"";"3600";"604800";"Sun May 15 06:27:43 GMT 2011";"14";"";"2JM8P9Y38TWWC59P7Z9M5JTAAS4ZIQ";"A3VP7RPTR7N2OS";"Approved";"Sun May 08 06:43:59 GMT 2011";"Sun May 08 06:44:14 GMT 2011";"Sat May 14 23:44:14 PDT 2011";"Sun May 08 00:34:42 PDT 2011";"";"";"15";"100% (4/4)";"0% (0/0)";"0% (0/0)";"http://www.artoonie.com/projects/imagesorter/data_dance/DSC_0458.jpg";"0";"2"
"27WOZFYQS1CS89UCAS4S9IC1ZLGJM5";"212RJ85OZIZEW9G72NFOV5EWPFPX9P";"Two yes or no questions about a photograph";"Two yes or no questions: Is it blurry? Is it high quality?";"image photograph quality assessment blur blurry computer vision";"$0.01";"Sun May 08 06:27:43 GMT 2011";"5";"";"3600";"604800";"Sun May 15 06:27:43 GMT 2011";"14";"";"2OFLVWJ5OPB0DIMWLZDWG7EP3Z13VU";"A3FW98CTBGUPDI";"Approved";"Sun May 08 06:39:06 GMT 2011";"Sun May 08 06:39:25 GMT 2011";"Sun May 15 06:39:25 GMT 2011";"Sun May 08 00:34:42 PDT 2011";"";"";"19";"100% (14/14)";"0% (0/0)";"0% (0/0)";"http://www.artoonie.com/projects/imagesorter/data_dance/DSC_0458.jpg";"0";"1"
"27WOZFYQS1CS89UCAS4S9IC1ZLGJM5";"212RJ85OZIZEW9G72NFOV5EWPFPX9P";"Two yes or no questions about a photograph";"Two yes or no questions: Is it blurry? Is it high quality?";"image photograph quality assessment blur blurry computer vision";"$0.01";"Sun May 08 06:27:43 GMT 2011";"5";"";"3600";"604800";"Sun May 15 06:27:43 GMT 2011";"14";"";"2PI0ONNVRH1KWBFBTS27BNV9FPTWNC";"A184H6C5UDLM8R";"Approved";"Sun May 08 06:31:11 GMT 2011";"Sun May 08 06:31:35 GMT 2011";"Sun May 15 06:31:35 GMT 2011";"Sun May 08 00:34:42 PDT 2011";"";"";"24";"100% (69/69)";"0% (0/0)";"0% (0/0)";"http://www.artoonie.com/projects/imagesorter/data_dance/DSC_0458.jpg";"0";"1"
"2MTMJTUHYW2G8CFON8J51M16ULUOJO";"212RJ85OZIZEW9G72NFOV5EWPFPX9P";"Two yes or no questions about a photograph";"Two yes or no questions: Is it blurry? Is it high quality?";"image photograph quality assessment blur blurry computer vision";"$0.01";"Sun May 08 06:27:44 GMT 2011";"5";"";"3600";"604800";"Sun May 15 06:27:44 GMT 2011";"39";"";"21JLFQ0ONNVRWOQE1A5GWB76H05TKD";"A18BNK9C6966ZJ";"Approved";"Sun May 08 06:31:28 GMT 2011";"Sun May 08 06:31:46 GMT 2011";"Sun May 15 06:31:46 GMT 2011";"Sun May 08 00:34:43 PDT 2011";"";"";"18";"100% (11/11)";"0% (0/0)";"0% (0/0)";"http://www.artoonie.com/projects/imagesorter/data_dance/DSC_0459.jpg";"0";"0"
"2MTMJTUHYW2G8CFON8J51M16ULUOJO";"212RJ85OZIZEW9G72NFOV5EWPFPX9P";"Two yes or no questions about a photograph";"Two yes or no questions: Is it blurry? Is it high quality?";"image photograph quality assessment blur blurry computer vision";"$0.01";"Sun May 08 06:27:44 GMT 2011";"5";"";"3600";"604800";"Sun May 15 06:27:44 GMT 2011";"39";"";"26CUDD8XMB3QIW5XO7LTT6T480PPEL";"AA3V5BYE3MSQW";"Approved";"Sun May 08 06:33:53 GMT 2011";"Sun May 08 06:34:09 GMT 2011";"Sun May 15 06:34:09 GMT 2011";"Sun May 08 00:34:43 PDT 2011";"";"";"16";"100% (6/6)";"0% (0/0)";"0% (0/0)";"http://www.artoonie.com/projects/imagesorter/data_dance/DSC_0459.jpg";"0";"0"
"2MTMJTUHYW2G8CFON8J51M16ULUOJO";"212RJ85OZIZEW9G72NFOV5EWPFPX9P";"Two yes or no questions about a photograph";"Two yes or no questions: Is it blurry? Is it high quality?";"image photograph quality assessment blur blurry computer vision";"$0.01";"Sun May 08 06:27:44 GMT 2011";"5";"";"3600";"604800";"Sun May 15 06:27:44 GMT 2011";"39";"";"28L3DHJHP4BDS7M1B9IS29X3A833W4";"A184H6C5UDLM8R";"Approved";"Sun May 08 06:39:20 GMT 2011";"Sun May 08 06:39:37 GMT 2011";"Sat May 14 23:39:37 PDT 2011";"Sun May 08 00:34:43 PDT 2011";"";"";"17";"100% (69/69)";"0% (0/0)";"0% (0/0)";"http://www.artoonie.com/projects/imagesorter/data_dance/DSC_0459.jpg";"0";"2"
"2MTMJTUHYW2G8CFON8J51M16ULUOJO";"212RJ85OZIZEW9G72NFOV5EWPFPX9P";"Two yes or no questions about a photograph";"Two yes or no questions: Is it blurry? Is it high quality?";"image photograph quality assessment blur blurry computer vision";"$0.01";"Sun May 08 06:27:44 GMT 2011";"5";"";"3600";"604800";"Sun May 15 06:27:44 GMT 2011";"39";"";"2KL2D5NQYN5FID6GT6KYRNCWSG1A65";"A16AKSCLSVCW9A";"Approved";"Sun May 08 06:31:35 GMT 2011";"Sun May 08 06:31:41 GMT 2011";"Sun May 15 06:31:41 GMT 2011";"Sun May 08 00:34:43 PDT 2011";"";"";"6";"100% (14/14)";"0% (0/0)";"0% (0/0)";"http://www.artoonie.com/projects/imagesorter/data_dance/DSC_0459.jpg";"0";"2"
"2MTMJTUHYW2G8CFON8J51M16ULUOJO";"212RJ85OZIZEW9G72NFOV5EWPFPX9P";"Two yes or no questions about a photograph";"Two yes or no questions: Is it blurry? Is it high quality?";"image photograph quality assessment blur blurry computer vision";"$0.01";"Sun May 08 06:27:44 GMT 2011";"5";"";"3600";"604800";"Sun May 15 06:27:44 GMT 2011";"39";"";"2MB011K274J7O7WTJ2ZN96UX9HAECW";"A14IQ4GLNWNPOJ";"Approved";"Sun May 08 06:33:38 GMT 2011";"Sun May 08 06:34:22 GMT 2011";"Sun May 15 06:34:22 GMT 2011";"Sun May 08 00:34:43 PDT 2011";"";"";"44";"100% (8/8)";"0% (0/0)";"0% (0/0)";"http://www.artoonie.com/projects/imagesorter/data_dance/DSC_0459.jpg";"0";"2"
"2FB3DHJHP4BDS7M1B9IS29X31Q7W3W";"212RJ85OZIZEW9G72NFOV5EWPFPX9P";"Two yes or no questions about a photograph";"Two yes or no questions: Is it blurry? Is it high quality?";"image photograph quality assessment blur blurry computer vision";"$0.01";"Sun May 08 06:27:44 GMT 2011";"5";"";"3600";"604800";"Sun May 15 06:27:44 GMT 2011";"46";"";"28TTHV8ER9Y88AQFZ0JMAKFHM7M3Q0";"A24O1Z2LQ1NEBS";"Approved";"Sun May 08 06:38:37 GMT 2011";"Sun May 08 06:38:55 GMT 2011";"Sun May 15 06:38:55 GMT 2011";"Sun May 08 00:34:43 PDT 2011";"";"";"18";"100% (33/33)";"0% (0/0)";"0% (0/0)";"http://www.artoonie.com/projects/imagesorter/data_dance/DSC_0460.jpg";"0";"1"
"2FB3DHJHP4BDS7M1B9IS29X31Q7W3W";"212RJ85OZIZEW9G72NFOV5EWPFPX9P";"Two yes or no questions about a photograph";"Two yes or no questions: Is it blurry? Is it high quality?";"image photograph quality assessment blur blurry computer vision";"$0.01";"Sun May 08 06:27:44 GMT 2011";"5";"";"3600";"604800";"Sun May 15 06:27:44 GMT 2011";"46";"";"2BLHV8ER9Y8T27OJCTD5PFHSWTJ4RM";"A16AKSCLSVCW9A";"Approved";"Sun May 08 06:32:22 GMT 2011";"Sun May 08 06:32:33 GMT 2011";"Sun May 15 06:32:33 GMT 2011";"Sun May 08 00:34:43 PDT 2011";"";"";"11";"100% (14/14)";"0% (0/0)";"0% (0/0)";"http://www.artoonie.com/projects/imagesorter/data_dance/DSC_0460.jpg";"1";"0"
"2FB3DHJHP4BDS7M1B9IS29X31Q7W3W";"212RJ85OZIZEW9G72NFOV5EWPFPX9P";"Two yes or no questions about a photograph";"Two yes or no questions: Is it blurry? Is it high quality?";"image photograph quality assessment blur blurry computer vision";"$0.01";"Sun May 08 06:27:44 GMT 2011";"5";"";"3600";"604800";"Sun May 15 06:27:44 GMT 2011";"46";"";"2OAUUU00OQKKPROF59J2Z268UJTVVI";"A3VP7RPTR7N2OS";"Approved";"Sun May 08 06:44:43 GMT 2011";"Sun May 08 06:44:53 GMT 2011";"Sat May 14 23:44:53 PDT 2011";"Sun May 08 00:34:43 PDT 2011";"";"";"10";"100% (4/4)";"0% (0/0)";"0% (0/0)";"http://www.artoonie.com/projects/imagesorter/data_dance/DSC_0460.jpg";"1";"0"
"2FB3DHJHP4BDS7M1B9IS29X31Q7W3W";"212RJ85OZIZEW9G72NFOV5EWPFPX9P";"Two yes or no questions about a photograph";"Two yes or no questions: Is it blurry? Is it high quality?";"image photograph quality assessment blur blurry computer vision";"$0.01";"Sun May 08 06:27:44 GMT 2011";"5";"";"3600";"604800";"Sun May 15 06:27:44 GMT 2011";"46";"";"2PB51Y7QEOZFDDYYPTKMTFXR7X2DGD";"A184H6C5UDLM8R";"Approved";"Sun May 08 06:36:30 GMT 2011";"Sun May 08 06:37:02 GMT 2011";"Sun May 15 06:37:02 GMT 2011";"Sun May 08 00:34:44 PDT 2011";"";"";"32";"100% (69/69)";"0% (0/0)";"0% (0/0)";"http://www.artoonie.com/projects/imagesorter/data_dance/DSC_0460.jpg";"0";"2"
"2FB3DHJHP4BDS7M1B9IS29X31Q7W3W";"212RJ85OZIZEW9G72NFOV5EWPFPX9P";"Two yes or no questions about a photograph";"Two yes or no questions: Is it blurry? Is it high quality?";"image photograph quality assessment blur blurry computer vision";"$0.01";"Sun May 08 06:27:44 GMT 2011";"5";"";"3600";"604800";"Sun May 15 06:27:44 GMT 2011";"46";"";"2UWF0OHOVR14XKQLFM02MECW4BV54A";"A2SFJVVQBTZGTK";"Approved";"Sun May 08 06:33:14 GMT 2011";"Sun May 08 06:33:30 GMT 2011";"Sun May 15 06:33:30 GMT 2011";"Sun May 08 00:34:44 PDT 2011";"";"";"16";"100% (26/26)";"0% (0/0)";"0% (0/0)";"http://www.artoonie.com/projects/imagesorter/data_dance/DSC_0460.jpg";"1";"1"
"2RVZXR24SMEZEPSFXNE9Z8P9JQBH0N";"212RJ85OZIZEW9G72NFOV5EWPFPX9P";"Two yes or no questions about a photograph";"Two yes or no questions: Is it blurry? Is it high quality?";"image photograph quality assessment blur blurry computer vision";"$0.01";"Sun May 08 06:27:44 GMT 2011";"5";"";"3600";"604800";"Sun May 15 06:27:44 GMT 2011";"14";"";"21Z0G5R98D8JIIK49TJTSYCGXR9DTL";"A9N7Z0LCRZ16O";"Approved";"Sun May 08 06:31:00 GMT 2011";"Sun May 08 06:31:14 GMT 2011";"Sun May 15 06:31:14 GMT 2011";"Sun May 08 00:34:44 PDT 2011";"";"";"14";"100% (1/1)";"0% (0/0)";"0% (0/0)";"http://www.artoonie.com/projects/imagesorter/data_dance/DSC_0461.jpg";"1";"1"
"2RVZXR24SMEZEPSFXNE9Z8P9JQBH0N";"212RJ85OZIZEW9G72NFOV5EWPFPX9P";"Two yes or no questions about a photograph";"Two yes or no questions: Is it blurry? Is it high quality?";"image photograph quality assessment blur blurry computer vision";"$0.01";"Sun May 08 06:27:44 GMT 2011";"5";"";"3600";"604800";"Sun May 15 06:27:44 GMT 2011";"14";"";"2GK8SV7WGKCCA8R0PBU3RHAPK99R1W";"A18BNK9C6966ZJ";"Approved";"Sun May 08 06:30:34 GMT 2011";"Sun May 08 06:30:46 GMT 2011";"Sun May 15 06:30:46 GMT 2011";"Sun May 08 00:34:44 PDT 2011";"";"";"12";"100% (11/11)";"0% (0/0)";"0% (0/0)";"http://www.artoonie.com/projects/imagesorter/data_dance/DSC_0461.jpg";"1";"0"
"2RVZXR24SMEZEPSFXNE9Z8P9JQBH0N";"212RJ85OZIZEW9G72NFOV5EWPFPX9P";"Two yes or no questions about a photograph";"Two yes or no questions: Is it blurry? Is it high quality?";"image photograph quality assessment blur blurry computer vision";"$0.01";"Sun May 08 06:27:44 GMT 2011";"5";"";"3600";"604800";"Sun May 15 06:27:44 GMT 2011";"14";"";"2LJI8IUB2YU9N6NP6M23Q0FBDEGJ7U";"A24O1Z2LQ1NEBS";"Approved";"Sun May 08 06:41:19 GMT 2011";"Sun May 08 06:41:39 GMT 2011";"Sat May 14 23:41:39 PDT 2011";"Sun May 08 00:34:44 PDT 2011";"";"";"20";"100% (33/33)";"0% (0/0)";"0% (0/0)";"http://www.artoonie.com/projects/imagesorter/data_dance/DSC_0461.jpg";"0";"1"
"2RVZXR24SMEZEPSFXNE9Z8P9JQBH0N";"212RJ85OZIZEW9G72NFOV5EWPFPX9P";"Two yes or no questions about a photograph";"Two yes or no questions: Is it blurry? Is it high quality?";"image photograph quality assessment blur blurry computer vision";"$0.01";"Sun May 08 06:27:44 GMT 2011";"5";"";"3600";"604800";"Sun May 15 06:27:44 GMT 2011";"14";"";"2RHCGJ2D21O3BS3EDKGPXI2KSJN6C4";"A184H6C5UDLM8R";"Approved";"Sun May 08 06:37:26 GMT 2011";"Sun May 08 06:38:33 GMT 2011";"Sun May 15 06:38:33 GMT 2011";"Sun May 08 00:34:44 PDT 2011";"";"";"67";"100% (69/69)";"0% (0/0)";"0% (0/0)";"http://www.artoonie.com/projects/imagesorter/data_dance/DSC_0461.jpg";"0";"1"
"2RVZXR24SMEZEPSFXNE9Z8P9JQBH0N";"212RJ85OZIZEW9G72NFOV5EWPFPX9P";"Two yes or no questions about a photograph";"Two yes or no questions: Is it blurry? Is it high quality?";"image photograph quality assessment blur blurry computer vision";"$0.01";"Sun May 08 06:27:44 GMT 2011";"5";"";"3600";"604800";"Sun May 15 06:27:44 GMT 2011";"14";"";"2ZV6XBAT2D5N5LT2S4H0OG5TSRL15T";"A3FW98CTBGUPDI";"Approved";"Sun May 08 06:38:53 GMT 2011";"Sun May 08 06:39:06 GMT 2011";"Sun May 15 06:39:06 GMT 2011";"Sun May 08 00:34:44 PDT 2011";"";"";"13";"100% (14/14)";"0% (0/0)";"0% (0/0)";"http://www.artoonie.com/projects/imagesorter/data_dance/DSC_0461.jpg";"1";"2"
"2C73TVOK5UFJKO443FFZKYQSMZV74R";"212RJ85OZIZEW9G72NFOV5EWPFPX9P";"Two yes or no questions about a photograph";"Two yes or no questions: Is it blurry? Is it high quality?";"image photograph quality assessment blur blurry computer vision";"$0.01";"Sun May 08 06:27:44 GMT 2011";"5";"";"3600";"604800";"Sun May 15 06:27:44 GMT 2011";"14";"";"23VDHJHP4BDDZ3AVLSJXEX3GXA5X4C";"A3PIQY6PK42RIS";"Approved";"Sun May 08 06:44:42 GMT 2011";"Sun May 08 06:44:55 GMT 2011";"Sat May 14 23:44:55 PDT 2011";"Sun May 08 00:34:44 PDT 2011";"";"";"13";"100% (3/3)";"0% (0/0)";"0% (0/0)";"http://www.artoonie.com/projects/imagesorter/data_dance/DSC_0462.jpg";"1";"1"
"2C73TVOK5UFJKO443FFZKYQSMZV74R";"212RJ85OZIZEW9G72NFOV5EWPFPX9P";"Two yes or no questions about a photograph";"Two yes or no questions: Is it blurry? Is it high quality?";"image photograph quality assessment blur blurry computer vision";"$0.01";"Sun May 08 06:27:44 GMT 2011";"5";"";"3600";"604800";"Sun May 15 06:27:44 GMT 2011";"14";"";"2GAAA2SEIUUUFNUNXL14NIS8M7RPP6";"A184H6C5UDLM8R";"Approved";"Sun May 08 06:34:38 GMT 2011";"Sun May 08 06:35:01 GMT 2011";"Sun May 15 06:35:01 GMT 2011";"Sun May 08 00:34:45 PDT 2011";"";"";"23";"100% (69/69)";"0% (0/0)";"0% (0/0)";"http://www.artoonie.com/projects/imagesorter/data_dance/DSC_0462.jpg";"1";"1"
"2C73TVOK5UFJKO443FFZKYQSMZV74R";"212RJ85OZIZEW9G72NFOV5EWPFPX9P";"Two yes or no questions about a photograph";"Two yes or no questions: Is it blurry? Is it high quality?";"image photograph quality assessment blur blurry computer vision";"$0.01";"Sun May 08 06:27:44 GMT 2011";"5";"";"3600";"604800";"Sun May 15 06:27:44 GMT 2011";"14";"";"2H5ZKPFE4EGDW0SZIMZIENZW0MC7HD";"A1JT9VBZ87MNXN";"Approved";"Sun May 08 06:42:36 GMT 2011";"Sun May 08 06:42:56 GMT 2011";"Sun May 15 06:42:56 GMT 2011";"Sun May 08 00:34:45 PDT 2011";"";"";"20";"100% (5/5)";"0% (0/0)";"0% (0/0)";"http://www.artoonie.com/projects/imagesorter/data_dance/DSC_0462.jpg";"1";"1"
"2C73TVOK5UFJKO443FFZKYQSMZV74R";"212RJ85OZIZEW9G72NFOV5EWPFPX9P";"Two yes or no questions about a photograph";"Two yes or no questions: Is it blurry? Is it high quality?";"image photograph quality assessment blur blurry computer vision";"$0.01";"Sun May 08 06:27:44 GMT 2011";"5";"";"3600";"604800";"Sun May 15 06:27:44 GMT 2011";"14";"";"2R7L42J1LY58QU84Z19GKKHDVBW4PV";"AR0G5UWWA0BHI";"Approved";"Sun May 08 06:42:32 GMT 2011";"Sun May 08 06:42:46 GMT 2011";"Sun May 15 06:42:46 GMT 2011";"Sun May 08 00:34:45 PDT 2011";"";"";"14";"100% (39/39)";"0% (0/0)";"0% (0/0)";"http://www.artoonie.com/projects/imagesorter/data_dance/DSC_0462.jpg";"1";"1"
"2C73TVOK5UFJKO443FFZKYQSMZV74R";"212RJ85OZIZEW9G72NFOV5EWPFPX9P";"Two yes or no questions about a photograph";"Two yes or no questions: Is it blurry? Is it high quality?";"image photograph quality assessment blur blurry computer vision";"$0.01";"Sun May 08 06:27:44 GMT 2011";"5";"";"3600";"604800";"Sun May 15 06:27:44 GMT 2011";"14";"";"2UA62NJQ2172EWFNU72KQCVE5ZYOWJ";"A24O1Z2LQ1NEBS";"Approved";"Sun May 08 06:31:48 GMT 2011";"Sun May 08 06:32:06 GMT 2011";"Sun May 15 06:32:06 GMT 2011";"Sun May 08 00:34:45 PDT 2011";"";"";"18";"100% (33/33)";"0% (0/0)";"0% (0/0)";"http://www.artoonie.com/projects/imagesorter/data_dance/DSC_0462.jpg";"0";"1"
"27IJG5TYMNCWDYA6SAJSXHX1M6RMIW";"212RJ85OZIZEW9G72NFOV5EWPFPX9P";"Two yes or no questions about a photograph";"Two yes or no questions: Is it blurry? Is it high quality?";"image photograph quality assessment blur blurry computer vision";"$0.01";"Sun May 08 06:27:44 GMT 2011";"5";"";"3600";"604800";"Sun May 15 06:27:44 GMT 2011";"14";"";"22TCSTMOFXRD7RO9EFPDSXJFG6XQT2";"A16AKSCLSVCW9A";"Approved";"Sun May 08 06:30:33 GMT 2011";"Sun May 08 06:30:45 GMT 2011";"Sun May 15 06:30:45 GMT 2011";"Sun May 08 00:34:45 PDT 2011";"";"";"12";"100% (14/14)";"0% (0/0)";"0% (0/0)";"http://www.artoonie.com/projects/imagesorter/data_dance/DSC_0463.jpg";"0";"1"
"27IJG5TYMNCWDYA6SAJSXHX1M6RMIW";"212RJ85OZIZEW9G72NFOV5EWPFPX9P";"Two yes or no questions about a photograph";"Two yes or no questions: Is it blurry? Is it high quality?";"image photograph quality assessment blur blurry computer vision";"$0.01";"Sun May 08 06:27:44 GMT 2011";"5";"";"3600";"604800";"Sun May 15 06:27:44 GMT 2011";"14";"";"2CD92HECWA6XILU9PGRCU5KXJYGJK0";"A24O1Z2LQ1NEBS";"Approved";"Sun May 08 06:43:07 GMT 2011";"Sun May 08 06:43:34 GMT 2011";"Sat May 14 23:43:34 PDT 2011";"Sun May 08 00:34:45 PDT 2011";"";"";"27";"100% (33/33)";"0% (0/0)";"0% (0/0)";"http://www.artoonie.com/projects/imagesorter/data_dance/DSC_0463.jpg";"0";"1"
"27IJG5TYMNCWDYA6SAJSXHX1M6RMIW";"212RJ85OZIZEW9G72NFOV5EWPFPX9P";"Two yes or no questions about a photograph";"Two yes or no questions: Is it blurry? Is it high quality?";"image photograph quality assessment blur blurry computer vision";"$0.01";"Sun May 08 06:27:44 GMT 2011";"5";"";"3600";"604800";"Sun May 15 06:27:44 GMT 2011";"14";"";"2CYDG67D1X3VF2QXPPB2OE1M1UHHAD";"A14IQ4GLNWNPOJ";"Approved";"Sun May 08 06:34:23 GMT 2011";"Sun May 08 06:35:05 GMT 2011";"Sun May 15 06:35:05 GMT 2011";"Sun May 08 00:34:45 PDT 2011";"";"";"42";"100% (8/8)";"0% (0/0)";"0% (0/0)";"http://www.artoonie.com/projects/imagesorter/data_dance/DSC_0463.jpg";"1";"1"
"27IJG5TYMNCWDYA6SAJSXHX1M6RMIW";"212RJ85OZIZEW9G72NFOV5EWPFPX9P";"Two yes or no questions about a photograph";"Two yes or no questions: Is it blurry? Is it high quality?";"image photograph quality assessment blur blurry computer vision";"$0.01";"Sun May 08 06:27:44 GMT 2011";"5";"";"3600";"604800";"Sun May 15 06:27:44 GMT 2011";"14";"";"2EB3NAB6BFMFUB4VVUSTOFDG8X9UH2";"A184H6C5UDLM8R";"Approved";"Sun May 08 06:37:43 GMT 2011";"Sun May 08 06:37:54 GMT 2011";"Sun May 15 06:37:54 GMT 2011";"Sun May 08 00:34:45 PDT 2011";"";"";"11";"100% (69/69)";"0% (0/0)";"0% (0/0)";"http://www.artoonie.com/projects/imagesorter/data_dance/DSC_0463.jpg";"1";"1"
"27IJG5TYMNCWDYA6SAJSXHX1M6RMIW";"212RJ85OZIZEW9G72NFOV5EWPFPX9P";"Two yes or no questions about a photograph";"Two yes or no questions: Is it blurry? Is it high quality?";"image photograph quality assessment blur blurry computer vision";"$0.01";"Sun May 08 06:27:44 GMT 2011";"5";"";"3600";"604800";"Sun May 15 06:27:44 GMT 2011";"14";"";"2MTPC6SK9RJ8KB5FCF8MFAPMITO3R1";"A2SFJVVQBTZGTK";"Approved";"Sun May 08 06:38:49 GMT 2011";"Sun May 08 06:39:02 GMT 2011";"Sun May 15 06:39:02 GMT 2011";"Sun May 08 00:34:46 PDT 2011";"";"";"13";"100% (26/26)";"0% (0/0)";"0% (0/0)";"http://www.artoonie.com/projects/imagesorter/data_dance/DSC_0463.jpg";"1";"1"
"2BZYW2GTP9RAMFBTZ2X93SOFSNMOTU";"212RJ85OZIZEW9G72NFOV5EWPFPX9P";"Two yes or no questions about a photograph";"Two yes or no questions: Is it blurry? Is it high quality?";"image photograph quality assessment blur blurry computer vision";"$0.01";"Sun May 08 06:27:44 GMT 2011";"5";"";"3600";"604800";"Sun May 15 06:27:44 GMT 2011";"51";"";"2JKKMT6YTWX4WQNZ2CVDE9GI0NGV0Q";"A2UC0CGDN7919I";"Approved";"Sun May 08 06:40:34 GMT 2011";"Sun May 08 06:40:58 GMT 2011";"Sat May 14 23:40:58 PDT 2011";"Sun May 08 00:34:46 PDT 2011";"";"";"24";"100% (16/16)";"0% (0/0)";"0% (0/0)";"http://www.artoonie.com/projects/imagesorter/data_dance/DSC_0464.jpg";"1";"0"
"2BZYW2GTP9RAMFBTZ2X93SOFSNMOTU";"212RJ85OZIZEW9G72NFOV5EWPFPX9P";"Two yes or no questions about a photograph";"Two yes or no questions: Is it blurry? Is it high quality?";"image photograph quality assessment blur blurry computer vision";"$0.01";"Sun May 08 06:27:44 GMT 2011";"5";"";"3600";"604800";"Sun May 15 06:27:44 GMT 2011";"51";"";"2KYX3YOCCF0C4SQU2U9NNIXYA9MRSG";"A322Y8X2ZRM8KX";"Approved";"Sun May 08 06:34:12 GMT 2011";"Sun May 08 06:34:28 GMT 2011";"Sun May 15 06:34:28 GMT 2011";"Sun May 08 00:34:46 PDT 2011";"";"";"16";"100% (17/17)";"0% (0/0)";"0% (0/0)";"http://www.artoonie.com/projects/imagesorter/data_dance/DSC_0464.jpg";"1";"0"
"2BZYW2GTP9RAMFBTZ2X93SOFSNMOTU";"212RJ85OZIZEW9G72NFOV5EWPFPX9P";"Two yes or no questions about a photograph";"Two yes or no questions: Is it blurry? Is it high quality?";"image photograph quality assessment blur blurry computer vision";"$0.01";"Sun May 08 06:27:44 GMT 2011";"5";"";"3600";"604800";"Sun May 15 06:27:44 GMT 2011";"51";"";"2N9DM25L8I9NEJCER0XOJ4QW1Y5RHV";"A14IQ4GLNWNPOJ";"Approved";"Sun May 08 06:33:24 GMT 2011";"Sun May 08 06:33:37 GMT 2011";"Sun May 15 06:33:37 GMT 2011";"Sun May 08 00:34:46 PDT 2011";"";"";"13";"100% (8/8)";"0% (0/0)";"0% (0/0)";"http://www.artoonie.com/projects/imagesorter/data_dance/DSC_0464.jpg";"1";"0"
"2BZYW2GTP9RAMFBTZ2X93SOFSNMOTU";"212RJ85OZIZEW9G72NFOV5EWPFPX9P";"Two yes or no questions about a photograph";"Two yes or no questions: Is it blurry? Is it high quality?";"image photograph quality assessment blur blurry computer vision";"$0.01";"Sun May 08 06:27:44 GMT 2011";"5";"";"3600";"604800";"Sun May 15 06:27:44 GMT 2011";"51";"";"2UUJE1M7PKK90E23101C54LZRUIRYU";"A3BY7T9U69F9DZ";"Approved";"Sun May 08 06:35:01 GMT 2011";"Sun May 08 06:35:06 GMT 2011";"Sun May 15 06:35:06 GMT 2011";"Sun May 08 00:34:46 PDT 2011";"";"";"5";"100% (22/22)";"0% (0/0)";"0% (0/0)";"http://www.artoonie.com/projects/imagesorter/data_dance/DSC_0464.jpg";"1";"0"
"2BZYW2GTP9RAMFBTZ2X93SOFSNMOTU";"212RJ85OZIZEW9G72NFOV5EWPFPX9P";"Two yes or no questions about a photograph";"Two yes or no questions: Is it blurry? Is it high quality?";"image photograph quality assessment blur blurry computer vision";"$0.01";"Sun May 08 06:27:44 GMT 2011";"5";"";"3600";"604800";"Sun May 15 06:27:44 GMT 2011";"51";"";"2X9MVHVKCJ01G784HKY9PQW6VDL57U";"A184H6C5UDLM8R";"Approved";"Sun May 08 06:33:39 GMT 2011";"Sun May 08 06:33:47 GMT 2011";"Sun May 15 06:33:47 GMT 2011";"Sun May 08 00:34:46 PDT 2011";"";"";"8";"100% (69/69)";"0% (0/0)";"0% (0/0)";"http://www.artoonie.com/projects/imagesorter/data_dance/DSC_0464.jpg";"1";"0"
"26OAUC26DG67SO30816K5COKN6HC5U";"212RJ85OZIZEW9G72NFOV5EWPFPX9P";"Two yes or no questions about a photograph";"Two yes or no questions: Is it blurry? Is it high quality?";"image photograph quality assessment blur blurry computer vision";"$0.01";"Sun May 08 06:27:44 GMT 2011";"5";"";"3600";"604800";"Sun May 15 06:27:44 GMT 2011";"44";"";"2DGU3K4F0OHOAE71VYBO7L92BJA017";"A322Y8X2ZRM8KX";"Approved";"Sun May 08 06:35:22 GMT 2011";"Sun May 08 06:35:45 GMT 2011";"Sun May 15 06:35:45 GMT 2011";"Sun May 08 00:34:46 PDT 2011";"";"";"23";"100% (17/17)";"0% (0/0)";"0% (0/0)";"http://www.artoonie.com/projects/imagesorter/data_dance/DSC_0465.jpg";"0";"2"
"26OAUC26DG67SO30816K5COKN6HC5U";"212RJ85OZIZEW9G72NFOV5EWPFPX9P";"Two yes or no questions about a photograph";"Two yes or no questions: Is it blurry? Is it high quality?";"image photograph quality assessment blur blurry computer vision";"$0.01";"Sun May 08 06:27:44 GMT 2011";"5";"";"3600";"604800";"Sun May 15 06:27:44 GMT 2011";"44";"";"2KL2D5NQYN5FID6GT6KYRNCWSG0A64";"A184H6C5UDLM8R";"Approved";"Sun May 08 06:28:42 GMT 2011";"Sun May 08 06:31:41 GMT 2011";"Sun May 15 06:31:41 GMT 2011";"Sun May 08 00:34:46 PDT 2011";"";"";"179";"100% (69/69)";"0% (0/0)";"0% (0/0)";"http://www.artoonie.com/projects/imagesorter/data_dance/DSC_0465.jpg";"1";"0"
"26OAUC26DG67SO30816K5COKN6HC5U";"212RJ85OZIZEW9G72NFOV5EWPFPX9P";"Two yes or no questions about a photograph";"Two yes or no questions: Is it blurry? Is it high quality?";"image photograph quality assessment blur blurry computer vision";"$0.01";"Sun May 08 06:27:44 GMT 2011";"5";"";"3600";"604800";"Sun May 15 06:27:44 GMT 2011";"44";"";"2T9STLB3L0FBYWOLOK5JWEVEZWMJVL";"A24O1Z2LQ1NEBS";"Approved";"Sun May 08 06:34:25 GMT 2011";"Sun May 08 06:35:17 GMT 2011";"Sun May 15 06:35:17 GMT 2011";"Sun May 08 00:34:47 PDT 2011";"";"";"52";"100% (33/33)";"0% (0/0)";"0% (0/0)";"http://www.artoonie.com/projects/imagesorter/data_dance/DSC_0465.jpg";"1";"1"
"26OAUC26DG67SO30816K5COKN6HC5U";"212RJ85OZIZEW9G72NFOV5EWPFPX9P";"Two yes or no questions about a photograph";"Two yes or no questions: Is it blurry? Is it high quality?";"image photograph quality assessment blur blurry computer vision";"$0.01";"Sun May 08 06:27:44 GMT 2011";"5";"";"3600";"604800";"Sun May 15 06:27:44 GMT 2011";"44";"";"2V33L0FBJ9IOQ6KG4FMEARPRWRWNZS";"AR0G5UWWA0BHI";"Approved";"Sun May 08 06:38:57 GMT 2011";"Sun May 08 06:39:13 GMT 2011";"Sun May 15 06:39:13 GMT 2011";"Sun May 08 00:34:47 PDT 2011";"";"";"16";"100% (39/39)";"0% (0/0)";"0% (0/0)";"http://www.artoonie.com/projects/imagesorter/data_dance/DSC_0465.jpg";"0";"1"
"26OAUC26DG67SO30816K5COKN6HC5U";"212RJ85OZIZEW9G72NFOV5EWPFPX9P";"Two yes or no questions about a photograph";"Two yes or no questions: Is it blurry? Is it high quality?";"image photograph quality assessment blur blurry computer vision";"$0.01";"Sun May 08 06:27:44 GMT 2011";"5";"";"3600";"604800";"Sun May 15 06:27:44 GMT 2011";"44";"";"2Z9IT3HVWAVKXT8KWRT1C2Z93VFEMF";"A2UC0CGDN7919I";"Approved";"Sun May 08 06:41:50 GMT 2011";"Sun May 08 06:42:17 GMT 2011";"Sat May 14 23:42:17 PDT 2011";"Sun May 08 00:34:47 PDT 2011";"";"";"27";"100% (16/16)";"0% (0/0)";"0% (0/0)";"http://www.artoonie.com/projects/imagesorter/data_dance/DSC_0465.jpg";"0";"2"
"2ZQIUB2YU98JWFZIO4C0KBJ93BE9LY";"212RJ85OZIZEW9G72NFOV5EWPFPX9P";"Two yes or no questions about a photograph";"Two yes or no questions: Is it blurry? Is it high quality?";"image photograph quality assessment blur blurry computer vision";"$0.01";"Sun May 08 06:27:44 GMT 2011";"5";"";"3600";"604800";"Sun May 15 06:27:44 GMT 2011";"14";"";"258ULF395SW6237C54EYSJBY96CRDM";"A184H6C5UDLM8R";"Approved";"Sun May 08 06:32:04 GMT 2011";"Sun May 08 06:34:32 GMT 2011";"Sun May 15 06:34:32 GMT 2011";"Sun May 08 00:34:47 PDT 2011";"";"";"148";"100% (69/69)";"0% (0/0)";"0% (0/0)";"http://www.artoonie.com/projects/imagesorter/data_dance/DSC_0466.jpg";"0";"1"
"2ZQIUB2YU98JWFZIO4C0KBJ93BE9LY";"212RJ85OZIZEW9G72NFOV5EWPFPX9P";"Two yes or no questions about a photograph";"Two yes or no questions: Is it blurry? Is it high quality?";"image photograph quality assessment blur blurry computer vision";"$0.01";"Sun May 08 06:27:44 GMT 2011";"5";"";"3600";"604800";"Sun May 15 06:27:44 GMT 2011";"14";"";"25CI62NJQ217HMF63IXBPLCV8GRNVT";"AR0G5UWWA0BHI";"Approved";"Sun May 08 06:43:07 GMT 2011";"Sun May 08 06:43:22 GMT 2011";"Sat May 14 23:43:22 PDT 2011";"Sun May 08 00:34:47 PDT 2011";"";"";"15";"100% (39/39)";"0% (0/0)";"0% (0/0)";"http://www.artoonie.com/projects/imagesorter/data_dance/DSC_0466.jpg";"1";"2"
"2ZQIUB2YU98JWFZIO4C0KBJ93BE9LY";"212RJ85OZIZEW9G72NFOV5EWPFPX9P";"Two yes or no questions about a photograph";"Two yes or no questions: Is it blurry? Is it high quality?";"image photograph quality assessment blur blurry computer vision";"$0.01";"Sun May 08 06:27:44 GMT 2011";"5";"";"3600";"604800";"Sun May 15 06:27:44 GMT 2011";"14";"";"2AJYNJ92NJKMFSHJWULH3W2GNU67C3";"A24O1Z2LQ1NEBS";"Approved";"Sun May 08 06:32:23 GMT 2011";"Sun May 08 06:32:38 GMT 2011";"Sun May 15 06:32:38 GMT 2011";"Sun May 08 00:34:47 PDT 2011";"";"";"15";"100% (33/33)";"0% (0/0)";"0% (0/0)";"http://www.artoonie.com/projects/imagesorter/data_dance/DSC_0466.jpg";"0";"2"
"2ZQIUB2YU98JWFZIO4C0KBJ93BE9LY";"212RJ85OZIZEW9G72NFOV5EWPFPX9P";"Two yes or no questions about a photograph";"Two yes or no questions: Is it blurry? Is it high quality?";"image photograph quality assessment blur blurry computer vision";"$0.01";"Sun May 08 06:27:44 GMT 2011";"5";"";"3600";"604800";"Sun May 15 06:27:44 GMT 2011";"14";"";"2GGQ1SNQQ7Q6MNBY3L3NW12TKHYS85";"A3GR63KAHHUXKX";"Approved";"Sun May 08 06:35:37 GMT 2011";"Sun May 08 06:35:50 GMT 2011";"Sun May 15 06:35:50 GMT 2011";"Sun May 08 00:34:47 PDT 2011";"";"";"13";"100% (28/28)";"0% (0/0)";"0% (0/0)";"http://www.artoonie.com/projects/imagesorter/data_dance/DSC_0466.jpg";"0";"2"
"2ZQIUB2YU98JWFZIO4C0KBJ93BE9LY";"212RJ85OZIZEW9G72NFOV5EWPFPX9P";"Two yes or no questions about a photograph";"Two yes or no questions: Is it blurry? Is it high quality?";"image photograph quality assessment blur blurry computer vision";"$0.01";"Sun May 08 06:27:44 GMT 2011";"5";"";"3600";"604800";"Sun May 15 06:27:44 GMT 2011";"14";"";"2TX1Y7QEOZFY5F795UDOKXRDM9FHE8";"A2SFJVVQBTZGTK";"Approved";"Sun May 08 06:34:36 GMT 2011";"Sun May 08 06:36:26 GMT 2011";"Sun May 15 06:36:26 GMT 2011";"Sun May 08 00:34:47 PDT 2011";"";"";"110";"100% (26/26)";"0% (0/0)";"0% (0/0)";"http://www.artoonie.com/projects/imagesorter/data_dance/DSC_0466.jpg";"1";"1"
"2H1G5TYMNCWYQRFCMTJSMX114BQJN5";"212RJ85OZIZEW9G72NFOV5EWPFPX9P";"Two yes or no questions about a photograph";"Two yes or no questions: Is it blurry? Is it high quality?";"image photograph quality assessment blur blurry computer vision";"$0.01";"Sun May 08 06:27:44 GMT 2011";"5";"";"3600";"604800";"Sun May 15 06:27:44 GMT 2011";"49";"";"2AGUQIHPCGJ2SP7LGXWXM0JPJXF71D";"A18BNK9C6966ZJ";"Approved";"Sun May 08 06:31:04 GMT 2011";"Sun May 08 06:31:18 GMT 2011";"Sun May 15 06:31:18 GMT 2011";"Sun May 08 00:34:48 PDT 2011";"";"";"14";"100% (11/11)";"0% (0/0)";"0% (0/0)";"http://www.artoonie.com/projects/imagesorter/data_dance/DSC_0467.jpg";"0";"0"
"2H1G5TYMNCWYQRFCMTJSMX114BQJN5";"212RJ85OZIZEW9G72NFOV5EWPFPX9P";"Two yes or no questions about a photograph";"Two yes or no questions: Is it blurry? Is it high quality?";"image photograph quality assessment blur blurry computer vision";"$0.01";"Sun May 08 06:27:44 GMT 2011";"5";"";"3600";"604800";"Sun May 15 06:27:44 GMT 2011";"49";"";"2AKPW1INMHGY5RP00B26GFMF9TVI51";"A24O1Z2LQ1NEBS";"Approved";"Sun May 08 06:36:58 GMT 2011";"Sun May 08 06:37:40 GMT 2011";"Sun May 15 06:37:40 GMT 2011";"Sun May 08 00:34:48 PDT 2011";"";"";"42";"100% (33/33)";"0% (0/0)";"0% (0/0)";"http://www.artoonie.com/projects/imagesorter/data_dance/DSC_0467.jpg";"0";"1"
"2H1G5TYMNCWYQRFCMTJSMX114BQJN5";"212RJ85OZIZEW9G72NFOV5EWPFPX9P";"Two yes or no questions about a photograph";"Two yes or no questions: Is it blurry? Is it high quality?";"image photograph quality assessment blur blurry computer vision";"$0.01";"Sun May 08 06:27:44 GMT 2011";"5";"";"3600";"604800";"Sun May 15 06:27:44 GMT 2011";"49";"";"2DJY0LWSBRI8XHHZBV08OHSTFG0C08";"A184H6C5UDLM8R";"Approved";"Sun May 08 06:32:20 GMT 2011";"Sun May 08 06:33:38 GMT 2011";"Sun May 15 06:33:38 GMT 2011";"Sun May 08 00:34:48 PDT 2011";"";"";"78";"100% (69/69)";"0% (0/0)";"0% (0/0)";"http://www.artoonie.com/projects/imagesorter/data_dance/DSC_0467.jpg";"1";"1"
"2H1G5TYMNCWYQRFCMTJSMX114BQJN5";"212RJ85OZIZEW9G72NFOV5EWPFPX9P";"Two yes or no questions about a photograph";"Two yes or no questions: Is it blurry? Is it high quality?";"image photograph quality assessment blur blurry computer vision";"$0.01";"Sun May 08 06:27:44 GMT 2011";"5";"";"3600";"604800";"Sun May 15 06:27:44 GMT 2011";"49";"";"2SFMHGYQ4J3NPYC8SN6FTYYIN6QNAS";"A3FW98CTBGUPDI";"Approved";"Sun May 08 06:39:56 GMT 2011";"Sun May 08 06:40:12 GMT 2011";"Sat May 14 23:40:12 PDT 2011";"Sun May 08 00:34:48 PDT 2011";"";"";"16";"100% (14/14)";"0% (0/0)";"0% (0/0)";"http://www.artoonie.com/projects/imagesorter/data_dance/DSC_0467.jpg";"0";"1"
"2H1G5TYMNCWYQRFCMTJSMX114BQJN5";"212RJ85OZIZEW9G72NFOV5EWPFPX9P";"Two yes or no questions about a photograph";"Two yes or no questions: Is it blurry? Is it high quality?";"image photograph quality assessment blur blurry computer vision";"$0.01";"Sun May 08 06:27:44 GMT 2011";"5";"";"3600";"604800";"Sun May 15 06:27:44 GMT 2011";"49";"";"2UET6YTWX4H3WPV8HE09LI6IDW92XL";"A3GR63KAHHUXKX";"Approved";"Sun May 08 06:36:13 GMT 2011";"Sun May 08 06:36:31 GMT 2011";"Sun May 15 06:36:31 GMT 2011";"Sun May 08 00:34:48 PDT 2011";"";"";"18";"100% (28/28)";"0% (0/0)";"0% (0/0)";"http://www.artoonie.com/projects/imagesorter/data_dance/DSC_0467.jpg";"0";"1"
"2X2PEIB9BAWL793M36MXZD3MEEU1Y9";"212RJ85OZIZEW9G72NFOV5EWPFPX9P";"Two yes or no questions about a photograph";"Two yes or no questions: Is it blurry? Is it high quality?";"image photograph quality assessment blur blurry computer vision";"$0.01";"Sun May 08 06:27:44 GMT 2011";"5";"";"3600";"604800";"Sun May 15 06:27:44 GMT 2011";"14";"";"259VKCJ011K2MRP4MLHWB18NYBRA8R";"A184H6C5UDLM8R";"Approved";"Sun May 08 06:31:43 GMT 2011";"Sun May 08 06:32:03 GMT 2011";"Sun May 15 06:32:03 GMT 2011";"Sun May 08 00:34:48 PDT 2011";"";"";"20";"100% (69/69)";"0% (0/0)";"0% (0/0)";"http://www.artoonie.com/projects/imagesorter/data_dance/DSC_0468.jpg";"1";"0"
"2X2PEIB9BAWL793M36MXZD3MEEU1Y9";"212RJ85OZIZEW9G72NFOV5EWPFPX9P";"Two yes or no questions about a photograph";"Two yes or no questions: Is it blurry? Is it high quality?";"image photograph quality assessment blur blurry computer vision";"$0.01";"Sun May 08 06:27:44 GMT 2011";"5";"";"3600";"604800";"Sun May 15 06:27:44 GMT 2011";"14";"";"26CUDD8XMB3QIW5XO7LTT6T480QEPB";"AR0G5UWWA0BHI";"Approved";"Sun May 08 06:42:14 GMT 2011";"Sun May 08 06:42:31 GMT 2011";"Sat May 14 23:42:31 PDT 2011";"Sun May 08 00:34:48 PDT 2011";"";"";"17";"100% (39/39)";"0% (0/0)";"0% (0/0)";"http://www.artoonie.com/projects/imagesorter/data_dance/DSC_0468.jpg";"1";"1"
"2X2PEIB9BAWL793M36MXZD3MEEU1Y9";"212RJ85OZIZEW9G72NFOV5EWPFPX9P";"Two yes or no questions about a photograph";"Two yes or no questions: Is it blurry? Is it high quality?";"image photograph quality assessment blur blurry computer vision";"$0.01";"Sun May 08 06:27:44 GMT 2011";"5";"";"3600";"604800";"Sun May 15 06:27:44 GMT 2011";"14";"";"28IS1CSTMOFX60Y1VDSE3DNXDKJORG";"A24O1Z2LQ1NEBS";"Approved";"Sun May 08 06:31:21 GMT 2011";"Sun May 08 06:31:47 GMT 2011";"Sun May 15 06:31:47 GMT 2011";"Sun May 08 00:34:48 PDT 2011";"";"";"26";"100% (33/33)";"0% (0/0)";"0% (0/0)";"http://www.artoonie.com/projects/imagesorter/data_dance/DSC_0468.jpg";"1";"0"
"2X2PEIB9BAWL793M36MXZD3MEEU1Y9";"212RJ85OZIZEW9G72NFOV5EWPFPX9P";"Two yes or no questions about a photograph";"Two yes or no questions: Is it blurry? Is it high quality?";"image photograph quality assessment blur blurry computer vision";"$0.01";"Sun May 08 06:27:44 GMT 2011";"5";"";"3600";"604800";"Sun May 15 06:27:44 GMT 2011";"14";"";"2Q7L6VCPWZ9R202F1WSSCSN37YE9OF";"A3FW98CTBGUPDI";"Approved";"Sun May 08 06:40:45 GMT 2011";"Sun May 08 06:41:03 GMT 2011";"Sun May 15 06:41:03 GMT 2011";"Sun May 08 00:34:48 PDT 2011";"";"";"18";"100% (14/14)";"0% (0/0)";"0% (0/0)";"http://www.artoonie.com/projects/imagesorter/data_dance/DSC_0468.jpg";"1";"0"
"2X2PEIB9BAWL793M36MXZD3MEEU1Y9";"212RJ85OZIZEW9G72NFOV5EWPFPX9P";"Two yes or no questions about a photograph";"Two yes or no questions: Is it blurry? Is it high quality?";"image photograph quality assessment blur blurry computer vision";"$0.01";"Sun May 08 06:27:44 GMT 2011";"5";"";"3600";"604800";"Sun May 15 06:27:44 GMT 2011";"14";"";"2Y91XERSQV6668VEVUUH0WAVEN491S";"A2UC0CGDN7919I";"Approved";"Sun May 08 06:38:50 GMT 2011";"Sun May 08 06:39:09 GMT 2011";"Sun May 15 06:39:09 GMT 2011";"Sun May 08 00:34:49 PDT 2011";"";"";"19";"100% (16/16)";"0% (0/0)";"0% (0/0)";"http://www.artoonie.com/projects/imagesorter/data_dance/DSC_0468.jpg";"1";"1"
"243VWJ5OPB0YA355BNNBCEP9FQ3W4H";"212RJ85OZIZEW9G72NFOV5EWPFPX9P";"Two yes or no questions about a photograph";"Two yes or no questions: Is it blurry? Is it high quality?";"image photograph quality assessment blur blurry computer vision";"$0.01";"Sun May 08 06:27:44 GMT 2011";"5";"";"3600";"604800";"Sun May 15 06:27:44 GMT 2011";"26";"";"244F806UFBNF7IMRYGU9ASW6HLY1FB";"A24O1Z2LQ1NEBS";"Approved";"Sun May 08 06:32:06 GMT 2011";"Sun May 08 06:32:22 GMT 2011";"Sun May 15 06:32:22 GMT 2011";"Sun May 08 00:34:49 PDT 2011";"";"";"16";"100% (33/33)";"0% (0/0)";"0% (0/0)";"http://www.artoonie.com/projects/imagesorter/data_dance/DSC_0469.jpg";"0";"1"
"243VWJ5OPB0YA355BNNBCEP9FQ3W4H";"212RJ85OZIZEW9G72NFOV5EWPFPX9P";"Two yes or no questions about a photograph";"Two yes or no questions: Is it blurry? Is it high quality?";"image photograph quality assessment blur blurry computer vision";"$0.01";"Sun May 08 06:27:44 GMT 2011";"5";"";"3600";"604800";"Sun May 15 06:27:44 GMT 2011";"26";"";"2CWE6AUBXHWSWULIMAMB4WDRF232YR";"A3BY7T9U69F9DZ";"Approved";"Sun May 08 06:36:24 GMT 2011";"Sun May 08 06:36:28 GMT 2011";"Sun May 15 06:36:28 GMT 2011";"Sun May 08 00:34:49 PDT 2011";"";"";"4";"100% (22/22)";"0% (0/0)";"0% (0/0)";"http://www.artoonie.com/projects/imagesorter/data_dance/DSC_0469.jpg";"1";"1"
"243VWJ5OPB0YA355BNNBCEP9FQ3W4H";"212RJ85OZIZEW9G72NFOV5EWPFPX9P";"Two yes or no questions about a photograph";"Two yes or no questions: Is it blurry? Is it high quality?";"image photograph quality assessment blur blurry computer vision";"$0.01";"Sun May 08 06:27:44 GMT 2011";"5";"";"3600";"604800";"Sun May 15 06:27:44 GMT 2011";"26";"";"2P3NFSVGULF3OSYTJO71KS3NSSH8MA";"A184H6C5UDLM8R";"Approved";"Sun May 08 06:37:41 GMT 2011";"Sun May 08 06:39:55 GMT 2011";"Sun May 15 06:39:55 GMT 2011";"Sun May 08 00:34:49 PDT 2011";"";"";"134";"100% (69/69)";"0% (0/0)";"0% (0/0)";"http://www.artoonie.com/projects/imagesorter/data_dance/DSC_0469.jpg";"0";"1"
"243VWJ5OPB0YA355BNNBCEP9FQ3W4H";"212RJ85OZIZEW9G72NFOV5EWPFPX9P";"Two yes or no questions about a photograph";"Two yes or no questions: Is it blurry? Is it high quality?";"image photograph quality assessment blur blurry computer vision";"$0.01";"Sun May 08 06:27:44 GMT 2011";"5";"";"3600";"604800";"Sun May 15 06:27:44 GMT 2011";"26";"";"2RAT3HVWAVKILPTG33S77Z99KM3FNX";"A3FW98CTBGUPDI";"Approved";"Sun May 08 06:40:12 GMT 2011";"Sun May 08 06:40:24 GMT 2011";"Sat May 14 23:40:24 PDT 2011";"Sun May 08 00:34:49 PDT 2011";"";"";"12";"100% (14/14)";"0% (0/0)";"0% (0/0)";"http://www.artoonie.com/projects/imagesorter/data_dance/DSC_0469.jpg";"0";"2"
"243VWJ5OPB0YA355BNNBCEP9FQ3W4H";"212RJ85OZIZEW9G72NFOV5EWPFPX9P";"Two yes or no questions about a photograph";"Two yes or no questions: Is it blurry? Is it high quality?";"image photograph quality assessment blur blurry computer vision";"$0.01";"Sun May 08 06:27:44 GMT 2011";"5";"";"3600";"604800";"Sun May 15 06:27:44 GMT 2011";"26";"";"2SHDOBDDP8PJB70AQ9OMG3Q334Y3EO";"A3GR63KAHHUXKX";"Approved";"Sun May 08 06:37:32 GMT 2011";"Sun May 08 06:37:58 GMT 2011";"Sun May 15 06:37:58 GMT 2011";"Sun May 08 00:34:49 PDT 2011";"";"";"26";"100% (28/28)";"0% (0/0)";"0% (0/0)";"http://www.artoonie.com/projects/imagesorter/data_dance/DSC_0469.jpg";"1";"0"
"2QHJMJUNU8LZLEDXT6I9DD8JOIHH1Q";"212RJ85OZIZEW9G72NFOV5EWPFPX9P";"Two yes or no questions about a photograph";"Two yes or no questions: Is it blurry? Is it high quality?";"image photograph quality assessment blur blurry computer vision";"$0.01";"Sun May 08 06:27:45 GMT 2011";"5";"";"3600";"604800";"Sun May 15 06:27:45 GMT 2011";"0";"";"286PLSP75KLMLJP01B8QJQVJL9JTZ0";"A3BY7T9U69F9DZ";"Approved";"Sun May 08 06:33:18 GMT 2011";"Sun May 08 06:33:26 GMT 2011";"Sun May 15 06:33:26 GMT 2011";"Sun May 08 00:34:49 PDT 2011";"";"";"8";"100% (22/22)";"0% (0/0)";"0% (0/0)";"http://www.artoonie.com/projects/imagesorter/data_dance/DSC_0470.jpg";"1";"1"
"2QHJMJUNU8LZLEDXT6I9DD8JOIHH1Q";"212RJ85OZIZEW9G72NFOV5EWPFPX9P";"Two yes or no questions about a photograph";"Two yes or no questions: Is it blurry? Is it high quality?";"image photograph quality assessment blur blurry computer vision";"$0.01";"Sun May 08 06:27:45 GMT 2011";"5";"";"3600";"604800";"Sun May 15 06:27:45 GMT 2011";"0";"";"2DN0FK0COK2JTOS42LB9QRW6I48JQS";"A3PIQY6PK42RIS";"Approved";"Sun May 08 06:44:55 GMT 2011";"Sun May 08 06:45:17 GMT 2011";"Sat May 14 23:45:17 PDT 2011";"Sun May 08 00:34:49 PDT 2011";"";"";"22";"100% (3/3)";"0% (0/0)";"0% (0/0)";"http://www.artoonie.com/projects/imagesorter/data_dance/DSC_0470.jpg";"1";"2"
"2QHJMJUNU8LZLEDXT6I9DD8JOIHH1Q";"212RJ85OZIZEW9G72NFOV5EWPFPX9P";"Two yes or no questions about a photograph";"Two yes or no questions: Is it blurry? Is it high quality?";"image photograph quality assessment blur blurry computer vision";"$0.01";"Sun May 08 06:27:45 GMT 2011";"5";"";"3600";"604800";"Sun May 15 06:27:45 GMT 2011";"0";"";"2ESSPW1INMHGDDAGGO1BBBFM9KLH42";"A184H6C5UDLM8R";"Approved";"Sun May 08 06:33:58 GMT 2011";"Sun May 08 06:36:35 GMT 2011";"Sun May 15 06:36:35 GMT 2011";"Sun May 08 00:34:50 PDT 2011";"";"";"157";"100% (69/69)";"0% (0/0)";"0% (0/0)";"http://www.artoonie.com/projects/imagesorter/data_dance/DSC_0470.jpg";"1";"1"
"2QHJMJUNU8LZLEDXT6I9DD8JOIHH1Q";"212RJ85OZIZEW9G72NFOV5EWPFPX9P";"Two yes or no questions about a photograph";"Two yes or no questions: Is it blurry? Is it high quality?";"image photograph quality assessment blur blurry computer vision";"$0.01";"Sun May 08 06:27:45 GMT 2011";"5";"";"3600";"604800";"Sun May 15 06:27:45 GMT 2011";"0";"";"2QXR98D8J3VEMJYP6OPCL3MCED8GWP";"AR0G5UWWA0BHI";"Approved";"Sun May 08 06:43:56 GMT 2011";"Sun May 08 06:44:13 GMT 2011";"Sun May 15 06:44:13 GMT 2011";"Sun May 08 00:34:50 PDT 2011";"";"";"17";"100% (39/39)";"0% (0/0)";"0% (0/0)";"http://www.artoonie.com/projects/imagesorter/data_dance/DSC_0470.jpg";"1";"1"
"2QHJMJUNU8LZLEDXT6I9DD8JOIHH1Q";"212RJ85OZIZEW9G72NFOV5EWPFPX9P";"Two yes or no questions about a photograph";"Two yes or no questions: Is it blurry? Is it high quality?";"image photograph quality assessment blur blurry computer vision";"$0.01";"Sun May 08 06:27:45 GMT 2011";"5";"";"3600";"604800";"Sun May 15 06:27:45 GMT 2011";"0";"";"2U91Q6SVQ8H8N9WRJMWOGVCIVWV4NZ";"A2UC0CGDN7919I";"Approved";"Sun May 08 06:42:17 GMT 2011";"Sun May 08 06:43:47 GMT 2011";"Sun May 15 06:43:47 GMT 2011";"Sun May 08 00:34:50 PDT 2011";"";"";"90";"100% (16/16)";"0% (0/0)";"0% (0/0)";"http://www.artoonie.com/projects/imagesorter/data_dance/DSC_0470.jpg";"0";"2"
"24ZMVHVKCJ01G784HKY9PQW6MVQ75W";"212RJ85OZIZEW9G72NFOV5EWPFPX9P";"Two yes or no questions about a photograph";"Two yes or no questions: Is it blurry? Is it high quality?";"image photograph quality assessment blur blurry computer vision";"$0.01";"Sun May 08 06:27:45 GMT 2011";"5";"";"3600";"604800";"Sun May 15 06:27:45 GMT 2011";"3";"";"2GMXFCD45XCE8AJP0UBIS3TGJ9XYW4";"A322Y8X2ZRM8KX";"Approved";"Sun May 08 06:42:23 GMT 2011";"Sun May 08 06:42:43 GMT 2011";"Sat May 14 23:42:43 PDT 2011";"Sun May 08 00:34:50 PDT 2011";"";"";"20";"100% (17/17)";"0% (0/0)";"0% (0/0)";"http://www.artoonie.com/projects/imagesorter/data_dance/DSC_0471.jpg";"1";"1"
"24ZMVHVKCJ01G784HKY9PQW6MVQ75W";"212RJ85OZIZEW9G72NFOV5EWPFPX9P";"Two yes or no questions about a photograph";"Two yes or no questions: Is it blurry? Is it high quality?";"image photograph quality assessment blur blurry computer vision";"$0.01";"Sun May 08 06:27:45 GMT 2011";"5";"";"3600";"604800";"Sun May 15 06:27:45 GMT 2011";"3";"";"2H5ZKPFE4EGDW0SZIMZIENZW0MB7HC";"A24O1Z2LQ1NEBS";"Approved";"Sun May 08 06:33:17 GMT 2011";"Sun May 08 06:33:50 GMT 2011";"Sun May 15 06:33:50 GMT 2011";"Sun May 08 00:34:50 PDT 2011";"";"";"33";"100% (33/33)";"0% (0/0)";"0% (0/0)";"http://www.artoonie.com/projects/imagesorter/data_dance/DSC_0471.jpg";"0";"1"
"24ZMVHVKCJ01G784HKY9PQW6MVQ75W";"212RJ85OZIZEW9G72NFOV5EWPFPX9P";"Two yes or no questions about a photograph";"Two yes or no questions: Is it blurry? Is it high quality?";"image photograph quality assessment blur blurry computer vision";"$0.01";"Sun May 08 06:27:45 GMT 2011";"5";"";"3600";"604800";"Sun May 15 06:27:45 GMT 2011";"3";"";"2K36BFMFFOYYXG7QWG4GJSC0L2TLYY";"A2SFJVVQBTZGTK";"Approved";"Sun May 08 06:32:43 GMT 2011";"Sun May 08 06:32:57 GMT 2011";"Sun May 15 06:32:57 GMT 2011";"Sun May 08 00:34:50 PDT 2011";"";"";"14";"100% (26/26)";"0% (0/0)";"0% (0/0)";"http://www.artoonie.com/projects/imagesorter/data_dance/DSC_0471.jpg";"1";"0"
"24ZMVHVKCJ01G784HKY9PQW6MVQ75W";"212RJ85OZIZEW9G72NFOV5EWPFPX9P";"Two yes or no questions about a photograph";"Two yes or no questions: Is it blurry? Is it high quality?";"image photograph quality assessment blur blurry computer vision";"$0.01";"Sun May 08 06:27:45 GMT 2011";"5";"";"3600";"604800";"Sun May 15 06:27:45 GMT 2011";"3";"";"2THPSI2KYEPL7CD2XMD61J3O4MNSMT";"A184H6C5UDLM8R";"Approved";"Sun May 08 06:38:48 GMT 2011";"Sun May 08 06:40:53 GMT 2011";"Sun May 15 06:40:53 GMT 2011";"Sun May 08 00:34:50 PDT 2011";"";"";"125";"100% (69/69)";"0% (0/0)";"0% (0/0)";"http://www.artoonie.com/projects/imagesorter/data_dance/DSC_0471.jpg";"1";"1"
"24ZMVHVKCJ01G784HKY9PQW6MVQ75W";"212RJ85OZIZEW9G72NFOV5EWPFPX9P";"Two yes or no questions about a photograph";"Two yes or no questions: Is it blurry? Is it high quality?";"image photograph quality assessment blur blurry computer vision";"$0.01";"Sun May 08 06:27:45 GMT 2011";"5";"";"3600";"604800";"Sun May 15 06:27:45 GMT 2011";"3";"";"2W9GYQ4J3NABLYLJSGFY3IT1NOCPCS";"A3BY7T9U69F9DZ";"Approved";"Sun May 08 06:33:50 GMT 2011";"Sun May 08 06:33:55 GMT 2011";"Sun May 15 06:33:55 GMT 2011";"Sun May 08 00:34:50 PDT 2011";"";"";"5";"100% (22/22)";"0% (0/0)";"0% (0/0)";"http://www.artoonie.com/projects/imagesorter/data_dance/DSC_0471.jpg";"1";"1"
"20Y5TYMNCWYBJWL65TJH211J9AUOKN";"212RJ85OZIZEW9G72NFOV5EWPFPX9P";"Two yes or no questions about a photograph";"Two yes or no questions: Is it blurry? Is it high quality?";"image photograph quality assessment blur blurry computer vision";"$0.01";"Sun May 08 06:27:45 GMT 2011";"5";"";"3600";"604800";"Sun May 15 06:27:45 GMT 2011";"0";"";"2GMXFCD45XCE8AJP0UBIS3TGJ9YWY3";"A1JT9VBZ87MNXN";"Approved";"Sun May 08 06:43:39 GMT 2011";"Sun May 08 06:43:53 GMT 2011";"Sat May 14 23:43:53 PDT 2011";"Sun May 08 00:34:51 PDT 2011";"";"";"14";"100% (5/5)";"0% (0/0)";"0% (0/0)";"http://www.artoonie.com/projects/imagesorter/data_dance/DSC_0472.jpg";"0";"0"
"20Y5TYMNCWYBJWL65TJH211J9AUOKN";"212RJ85OZIZEW9G72NFOV5EWPFPX9P";"Two yes or no questions about a photograph";"Two yes or no questions: Is it blurry? Is it high quality?";"image photograph quality assessment blur blurry computer vision";"$0.01";"Sun May 08 06:27:45 GMT 2011";"5";"";"3600";"604800";"Sun May 15 06:27:45 GMT 2011";"0";"";"2KL2D5NQYN5FID6GT6KYRNCWSG26A2";"A2E6XVPMAI0ON0";"Approved";"Sun May 08 06:37:06 GMT 2011";"Sun May 08 06:37:35 GMT 2011";"Sun May 15 06:37:35 GMT 2011";"Sun May 08 00:34:51 PDT 2011";"";"";"29";"100% (7/7)";"0% (0/0)";"0% (0/0)";"http://www.artoonie.com/projects/imagesorter/data_dance/DSC_0472.jpg";"1";"0"
"20Y5TYMNCWYBJWL65TJH211J9AUOKN";"212RJ85OZIZEW9G72NFOV5EWPFPX9P";"Two yes or no questions about a photograph";"Two yes or no questions: Is it blurry? Is it high quality?";"image photograph quality assessment blur blurry computer vision";"$0.01";"Sun May 08 06:27:45 GMT 2011";"5";"";"3600";"604800";"Sun May 15 06:27:45 GMT 2011";"0";"";"2LSHFL42J1LYKVH4F8D0NGFKBIYN2L";"A24O1Z2LQ1NEBS";"Approved";"Sun May 08 06:38:56 GMT 2011";"Sun May 08 06:39:18 GMT 2011";"Sun May 15 06:39:18 GMT 2011";"Sun May 08 00:34:51 PDT 2011";"";"";"22";"100% (33/33)";"0% (0/0)";"0% (0/0)";"http://www.artoonie.com/projects/imagesorter/data_dance/DSC_0472.jpg";"1";"0"
"20Y5TYMNCWYBJWL65TJH211J9AUOKN";"212RJ85OZIZEW9G72NFOV5EWPFPX9P";"Two yes or no questions about a photograph";"Two yes or no questions: Is it blurry? Is it high quality?";"image photograph quality assessment blur blurry computer vision";"$0.01";"Sun May 08 06:27:45 GMT 2011";"5";"";"3600";"604800";"Sun May 15 06:27:45 GMT 2011";"0";"";"2N867D1X3V0FZNILX3AE6M7PEP6JCM";"A2SFJVVQBTZGTK";"Approved";"Sun May 08 06:32:09 GMT 2011";"Sun May 08 06:32:23 GMT 2011";"Sun May 15 06:32:23 GMT 2011";"Sun May 08 00:34:51 PDT 2011";"";"";"14";"100% (26/26)";"0% (0/0)";"0% (0/0)";"http://www.artoonie.com/projects/imagesorter/data_dance/DSC_0472.jpg";"1";"0"
"20Y5TYMNCWYBJWL65TJH211J9AUOKN";"212RJ85OZIZEW9G72NFOV5EWPFPX9P";"Two yes or no questions about a photograph";"Two yes or no questions: Is it blurry? Is it high quality?";"image photograph quality assessment blur blurry computer vision";"$0.01";"Sun May 08 06:27:45 GMT 2011";"5";"";"3600";"604800";"Sun May 15 06:27:45 GMT 2011";"0";"";"2R5M25L8I9NZBTNBC7FE9QW7ND3IS3";"A184H6C5UDLM8R";"Approved";"Sun May 08 06:29:43 GMT 2011";"Sun May 08 06:29:58 GMT 2011";"Sun May 15 06:29:58 GMT 2011";"Sun May 08 00:34:51 PDT 2011";"";"";"15";"100% (69/69)";"0% (0/0)";"0% (0/0)";"http://www.artoonie.com/projects/imagesorter/data_dance/DSC_0472.jpg";"1";"0"
"2IMIXKO2L92HTZ27JYUYTCCFLZSEDX";"212RJ85OZIZEW9G72NFOV5EWPFPX9P";"Two yes or no questions about a photograph";"Two yes or no questions: Is it blurry? Is it high quality?";"image photograph quality assessment blur blurry computer vision";"$0.01";"Sun May 08 06:27:45 GMT 2011";"5";"";"3600";"604800";"Sun May 15 06:27:45 GMT 2011";"0";"";"20V9Z0B6UTO68RKS5UMRPGPWM13OZA";"AR0G5UWWA0BHI";"Approved";"Sun May 08 06:44:35 GMT 2011";"Sun May 08 06:44:51 GMT 2011";"Sat May 14 23:44:51 PDT 2011";"Sun May 08 00:34:51 PDT 2011";"";"";"16";"100% (39/39)";"0% (0/0)";"0% (0/0)";"http://www.artoonie.com/projects/imagesorter/data_dance/DSC_0473.jpg";"1";"0"
"2IMIXKO2L92HTZ27JYUYTCCFLZSEDX";"212RJ85OZIZEW9G72NFOV5EWPFPX9P";"Two yes or no questions about a photograph";"Two yes or no questions: Is it blurry? Is it high quality?";"image photograph quality assessment blur blurry computer vision";"$0.01";"Sun May 08 06:27:45 GMT 2011";"5";"";"3600";"604800";"Sun May 15 06:27:45 GMT 2011";"0";"";"299HRRLFQ0ON2IXEEL8OEEGR5C3QHT";"A184H6C5UDLM8R";"Approved";"Sun May 08 06:37:38 GMT 2011";"Sun May 08 06:39:41 GMT 2011";"Sun May 15 06:39:41 GMT 2011";"Sun May 08 00:34:51 PDT 2011";"";"";"123";"100% (69/69)";"0% (0/0)";"0% (0/0)";"http://www.artoonie.com/projects/imagesorter/data_dance/DSC_0473.jpg";"0";"1"
"2IMIXKO2L92HTZ27JYUYTCCFLZSEDX";"212RJ85OZIZEW9G72NFOV5EWPFPX9P";"Two yes or no questions about a photograph";"Two yes or no questions: Is it blurry? Is it high quality?";"image photograph quality assessment blur blurry computer vision";"$0.01";"Sun May 08 06:27:45 GMT 2011";"5";"";"3600";"604800";"Sun May 15 06:27:45 GMT 2011";"0";"";"2S20RYNJ92NJZ962ONATZHYWWLQA5P";"A2SFJVVQBTZGTK";"Approved";"Sun May 08 06:31:26 GMT 2011";"Sun May 08 06:31:48 GMT 2011";"Sun May 15 06:31:48 GMT 2011";"Sun May 08 00:34:52 PDT 2011";"";"";"22";"100% (26/26)";"0% (0/0)";"0% (0/0)";"http://www.artoonie.com/projects/imagesorter/data_dance/DSC_0473.jpg";"1";"1"
"2IMIXKO2L92HTZ27JYUYTCCFLZSEDX";"212RJ85OZIZEW9G72NFOV5EWPFPX9P";"Two yes or no questions about a photograph";"Two yes or no questions: Is it blurry? Is it high quality?";"image photograph quality assessment blur blurry computer vision";"$0.01";"Sun May 08 06:27:45 GMT 2011";"5";"";"3600";"604800";"Sun May 15 06:27:45 GMT 2011";"0";"";"2YNR14IXKO2LOPNBPX1623YO6HCABQ";"A18BNK9C6966ZJ";"Approved";"Sun May 08 06:31:59 GMT 2011";"Sun May 08 06:32:19 GMT 2011";"Sun May 15 06:32:19 GMT 2011";"Sun May 08 00:34:52 PDT 2011";"";"";"20";"100% (11/11)";"0% (0/0)";"0% (0/0)";"http://www.artoonie.com/projects/imagesorter/data_dance/DSC_0473.jpg";"0";"0"
"2IMIXKO2L92HTZ27JYUYTCCFLZSEDX";"212RJ85OZIZEW9G72NFOV5EWPFPX9P";"Two yes or no questions about a photograph";"Two yes or no questions: Is it blurry? Is it high quality?";"image photograph quality assessment blur blurry computer vision";"$0.01";"Sun May 08 06:27:45 GMT 2011";"5";"";"3600";"604800";"Sun May 15 06:27:45 GMT 2011";"0";"";"2ZV6XBAT2D5N5LT2S4H0OG5TSRM51Y";"A2UC0CGDN7919I";"Approved";"Sun May 08 06:44:36 GMT 2011";"Sun May 08 06:44:50 GMT 2011";"Sat May 14 23:44:50 PDT 2011";"Sun May 08 00:34:52 PDT 2011";"";"";"14";"100% (16/16)";"0% (0/0)";"0% (0/0)";"http://www.artoonie.com/projects/imagesorter/data_dance/DSC_0473.jpg";"0";"2"
"26AI2KYEPLSPMSQIZ7NJ8OAHB1TOUL";"212RJ85OZIZEW9G72NFOV5EWPFPX9P";"Two yes or no questions about a photograph";"Two yes or no questions: Is it blurry? Is it high quality?";"image photograph quality assessment blur blurry computer vision";"$0.01";"Sun May 08 06:27:45 GMT 2011";"5";"";"3600";"604800";"Sun May 15 06:27:45 GMT 2011";"14";"";"23DB3L0FBJ9I3YPBWS5VJ5RPL7JYMD";"AR0G5UWWA0BHI";"Approved";"Sun May 08 06:41:13 GMT 2011";"Sun May 08 06:41:43 GMT 2011";"Sat May 14 23:41:43 PDT 2011";"Sun May 08 00:34:52 PDT 2011";"";"";"30";"100% (39/39)";"0% (0/0)";"0% (0/0)";"http://www.artoonie.com/projects/imagesorter/data_dance/DSC_0474.jpg";"0";"1"
"26AI2KYEPLSPMSQIZ7NJ8OAHB1TOUL";"212RJ85OZIZEW9G72NFOV5EWPFPX9P";"Two yes or no questions about a photograph";"Two yes or no questions: Is it blurry? Is it high quality?";"image photograph quality assessment blur blurry computer vision";"$0.01";"Sun May 08 06:27:45 GMT 2011";"5";"";"3600";"604800";"Sun May 15 06:27:45 GMT 2011";"14";"";"247BNFSVGULFIWBP97EG6FS3H3KL7X";"A24O1Z2LQ1NEBS";"Approved";"Sun May 08 06:39:44 GMT 2011";"Sun May 08 06:40:16 GMT 2011";"Sun May 15 06:40:16 GMT 2011";"Sun May 08 00:34:52 PDT 2011";"";"";"32";"100% (33/33)";"0% (0/0)";"0% (0/0)";"http://www.artoonie.com/projects/imagesorter/data_dance/DSC_0474.jpg";"0";"1"
"26AI2KYEPLSPMSQIZ7NJ8OAHB1TOUL";"212RJ85OZIZEW9G72NFOV5EWPFPX9P";"Two yes or no questions about a photograph";"Two yes or no questions: Is it blurry? Is it high quality?";"image photograph quality assessment blur blurry computer vision";"$0.01";"Sun May 08 06:27:45 GMT 2011";"5";"";"3600";"604800";"Sun May 15 06:27:45 GMT 2011";"14";"";"27VV0FK0COK2Y17JKQBKELRW0TWPIU";"A2SFJVVQBTZGTK";"Approved";"Sun May 08 06:34:00 GMT 2011";"Sun May 08 06:34:16 GMT 2011";"Sun May 15 06:34:16 GMT 2011";"Sun May 08 00:34:52 PDT 2011";"";"";"16";"100% (26/26)";"0% (0/0)";"0% (0/0)";"http://www.artoonie.com/projects/imagesorter/data_dance/DSC_0474.jpg";"1";"1"
"26AI2KYEPLSPMSQIZ7NJ8OAHB1TOUL";"212RJ85OZIZEW9G72NFOV5EWPFPX9P";"Two yes or no questions about a photograph";"Two yes or no questions: Is it blurry? Is it high quality?";"image photograph quality assessment blur blurry computer vision";"$0.01";"Sun May 08 06:27:45 GMT 2011";"5";"";"3600";"604800";"Sun May 15 06:27:45 GMT 2011";"14";"";"2IS6UFBNFSVG98L0M6JWBNG19X14IJ";"A2UC0CGDN7919I";"Approved";"Sun May 08 06:41:15 GMT 2011";"Sun May 08 06:41:34 GMT 2011";"Sat May 14 23:41:34 PDT 2011";"Sun May 08 00:34:52 PDT 2011";"";"";"19";"100% (16/16)";"0% (0/0)";"0% (0/0)";"http://www.artoonie.com/projects/imagesorter/data_dance/DSC_0474.jpg";"0";"1"
"26AI2KYEPLSPMSQIZ7NJ8OAHB1TOUL";"212RJ85OZIZEW9G72NFOV5EWPFPX9P";"Two yes or no questions about a photograph";"Two yes or no questions: Is it blurry? Is it high quality?";"image photograph quality assessment blur blurry computer vision";"$0.01";"Sun May 08 06:27:45 GMT 2011";"5";"";"3600";"604800";"Sun May 15 06:27:45 GMT 2011";"14";"";"2NH8PJWKUDD8C9H0340Z5B6UNT39KU";"A184H6C5UDLM8R";"Approved";"Sun May 08 06:29:03 GMT 2011";"Sun May 08 06:34:10 GMT 2011";"Sun May 15 06:34:10 GMT 2011";"Sun May 08 00:34:52 PDT 2011";"";"";"307";"100% (69/69)";"0% (0/0)";"0% (0/0)";"http://www.artoonie.com/projects/imagesorter/data_dance/DSC_0474.jpg";"0";"1"
"2L179KQW618NJT0USD44AXCEEAGMK7";"212RJ85OZIZEW9G72NFOV5EWPFPX9P";"Two yes or no questions about a photograph";"Two yes or no questions: Is it blurry? Is it high quality?";"image photograph quality assessment blur blurry computer vision";"$0.01";"Sun May 08 06:27:45 GMT 2011";"5";"";"3600";"604800";"Sun May 15 06:27:45 GMT 2011";"0";"";"25J14IXKO2L9H4K99BXX8YOC6KXCBU";"A3BY7T9U69F9DZ";"Approved";"Sun May 08 06:33:31 GMT 2011";"Sun May 08 06:33:38 GMT 2011";"Sun May 15 06:33:38 GMT 2011";"Sun May 08 00:34:53 PDT 2011";"";"";"7";"100% (22/22)";"0% (0/0)";"0% (0/0)";"http://www.artoonie.com/projects/imagesorter/data_dance/DSC_0475.jpg";"1";"0"
"2L179KQW618NJT0USD44AXCEEAGMK7";"212RJ85OZIZEW9G72NFOV5EWPFPX9P";"Two yes or no questions about a photograph";"Two yes or no questions: Is it blurry? Is it high quality?";"image photograph quality assessment blur blurry computer vision";"$0.01";"Sun May 08 06:27:45 GMT 2011";"5";"";"3600";"604800";"Sun May 15 06:27:45 GMT 2011";"0";"";"2HWJ79KQW6182RCRAG3D95XC8YLJL3";"A1JT9VBZ87MNXN";"Approved";"Sun May 08 06:43:16 GMT 2011";"Sun May 08 06:43:38 GMT 2011";"Sat May 14 23:43:38 PDT 2011";"Sun May 08 00:34:53 PDT 2011";"";"";"22";"100% (5/5)";"0% (0/0)";"0% (0/0)";"http://www.artoonie.com/projects/imagesorter/data_dance/DSC_0475.jpg";"1";"1"
"2L179KQW618NJT0USD44AXCEEAGMK7";"212RJ85OZIZEW9G72NFOV5EWPFPX9P";"Two yes or no questions about a photograph";"Two yes or no questions: Is it blurry? Is it high quality?";"image photograph quality assessment blur blurry computer vision";"$0.01";"Sun May 08 06:27:45 GMT 2011";"5";"";"3600";"604800";"Sun May 15 06:27:45 GMT 2011";"0";"";"2QMLF395SW6NVOLPGOPNOBYFVKXESR";"A322Y8X2ZRM8KX";"Approved";"Sun May 08 06:43:05 GMT 2011";"Sun May 08 06:43:38 GMT 2011";"Sat May 14 23:43:38 PDT 2011";"Sun May 08 00:34:53 PDT 2011";"";"";"33";"100% (17/17)";"0% (0/0)";"0% (0/0)";"http://www.artoonie.com/projects/imagesorter/data_dance/DSC_0475.jpg";"1";"0"
"2L179KQW618NJT0USD44AXCEEAGMK7";"212RJ85OZIZEW9G72NFOV5EWPFPX9P";"Two yes or no questions about a photograph";"Two yes or no questions: Is it blurry? Is it high quality?";"image photograph quality assessment blur blurry computer vision";"$0.01";"Sun May 08 06:27:45 GMT 2011";"5";"";"3600";"604800";"Sun May 15 06:27:45 GMT 2011";"0";"";"2YM3K4F0OHOV6OAFALF2Q92H8HT12R";"A184H6C5UDLM8R";"Approved";"Sun May 08 06:28:49 GMT 2011";"Sun May 08 06:33:43 GMT 2011";"Sun May 15 06:33:43 GMT 2011";"Sun May 08 00:34:53 PDT 2011";"";"";"294";"100% (69/69)";"0% (0/0)";"0% (0/0)";"http://www.artoonie.com/projects/imagesorter/data_dance/DSC_0475.jpg";"1";"0"
"2L179KQW618NJT0USD44AXCEEAGMK7";"212RJ85OZIZEW9G72NFOV5EWPFPX9P";"Two yes or no questions about a photograph";"Two yes or no questions: Is it blurry? Is it high quality?";"image photograph quality assessment blur blurry computer vision";"$0.01";"Sun May 08 06:27:45 GMT 2011";"5";"";"3600";"604800";"Sun May 15 06:27:45 GMT 2011";"0";"";"2Z5OBDDP8PJWZHJALYDB8Q39T584FR";"A16AKSCLSVCW9A";"Approved";"Sun May 08 06:30:45 GMT 2011";"Sun May 08 06:30:54 GMT 2011";"Sun May 15 06:30:54 GMT 2011";"Sun May 08 00:34:53 PDT 2011";"";"";"9";"100% (14/14)";"0% (0/0)";"0% (0/0)";"http://www.artoonie.com/projects/imagesorter/data_dance/DSC_0475.jpg";"1";"0"
"2359U8P9Y38TBJ3FGTLYNM0JEXIXGY";"212RJ85OZIZEW9G72NFOV5EWPFPX9P";"Two yes or no questions about a photograph";"Two yes or no questions: Is it blurry? Is it high quality?";"image photograph quality assessment blur blurry computer vision";"$0.01";"Sun May 08 06:27:45 GMT 2011";"5";"";"3600";"604800";"Sun May 15 06:27:45 GMT 2011";"0";"";"23Q24E6AUBXHBFN4SM090BZW7WJ0W6";"A2E6XVPMAI0ON0";"Approved";"Sun May 08 06:37:36 GMT 2011";"Sun May 08 06:38:54 GMT 2011";"Sun May 15 06:38:54 GMT 2011";"Sun May 08 00:34:53 PDT 2011";"";"";"78";"100% (7/7)";"0% (0/0)";"0% (0/0)";"http://www.artoonie.com/projects/imagesorter/data_dance/DSC_0476.jpg";"0";"1"
"2359U8P9Y38TBJ3FGTLYNM0JEXIXGY";"212RJ85OZIZEW9G72NFOV5EWPFPX9P";"Two yes or no questions about a photograph";"Two yes or no questions: Is it blurry? Is it high quality?";"image photograph quality assessment blur blurry computer vision";"$0.01";"Sun May 08 06:27:45 GMT 2011";"5";"";"3600";"604800";"Sun May 15 06:27:45 GMT 2011";"0";"";"27P2Q45UUKQOD3TF92ESDOG0V54UCT";"A184H6C5UDLM8R";"Approved";"Sun May 08 06:37:24 GMT 2011";"Sun May 08 06:38:11 GMT 2011";"Sun May 15 06:38:11 GMT 2011";"Sun May 08 00:34:53 PDT 2011";"";"";"47";"100% (69/69)";"0% (0/0)";"0% (0/0)";"http://www.artoonie.com/projects/imagesorter/data_dance/DSC_0476.jpg";"0";"2"
"2359U8P9Y38TBJ3FGTLYNM0JEXIXGY";"212RJ85OZIZEW9G72NFOV5EWPFPX9P";"Two yes or no questions about a photograph";"Two yes or no questions: Is it blurry? Is it high quality?";"image photograph quality assessment blur blurry computer vision";"$0.01";"Sun May 08 06:27:45 GMT 2011";"5";"";"3600";"604800";"Sun May 15 06:27:45 GMT 2011";"0";"";"2APULRGNTBJ319JUIGG7S62KBG6T78";"A322Y8X2ZRM8KX";"Approved";"Sun May 08 06:41:45 GMT 2011";"Sun May 08 06:42:01 GMT 2011";"Sun May 15 06:42:01 GMT 2011";"Sun May 08 00:34:53 PDT 2011";"";"";"16";"100% (17/17)";"0% (0/0)";"0% (0/0)";"http://www.artoonie.com/projects/imagesorter/data_dance/DSC_0476.jpg";"0";"2"
"2359U8P9Y38TBJ3FGTLYNM0JEXIXGY";"212RJ85OZIZEW9G72NFOV5EWPFPX9P";"Two yes or no questions about a photograph";"Two yes or no questions: Is it blurry? Is it high quality?";"image photograph quality assessment blur blurry computer vision";"$0.01";"Sun May 08 06:27:45 GMT 2011";"5";"";"3600";"604800";"Sun May 15 06:27:45 GMT 2011";"0";"";"2N9DM25L8I9NEJCER0XOJ4QW1Y6RHW";"A24O1Z2LQ1NEBS";"Approved";"Sun May 08 06:43:35 GMT 2011";"Sun May 08 06:43:59 GMT 2011";"Sun May 15 06:43:59 GMT 2011";"Sun May 08 00:34:54 PDT 2011";"";"";"24";"100% (33/33)";"0% (0/0)";"0% (0/0)";"http://www.artoonie.com/projects/imagesorter/data_dance/DSC_0476.jpg";"0";"2"
"2359U8P9Y38TBJ3FGTLYNM0JEXIXGY";"212RJ85OZIZEW9G72NFOV5EWPFPX9P";"Two yes or no questions about a photograph";"Two yes or no questions: Is it blurry? Is it high quality?";"image photograph quality assessment blur blurry computer vision";"$0.01";"Sun May 08 06:27:45 GMT 2011";"5";"";"3600";"604800";"Sun May 15 06:27:45 GMT 2011";"0";"";"2RNWAVKI62NJ5P74F009VH6BEQARJ1";"A2SFJVVQBTZGTK";"Approved";"Sun May 08 06:43:55 GMT 2011";"Sun May 08 06:45:06 GMT 2011";"Sat May 14 23:45:06 PDT 2011";"Sun May 08 00:34:54 PDT 2011";"";"";"71";"100% (26/26)";"0% (0/0)";"0% (0/0)";"http://www.artoonie.com/projects/imagesorter/data_dance/DSC_0476.jpg";"1";"1"
"2FNPQJQ9OPLLCZDRZSOGDKCOK8Y1Z0";"212RJ85OZIZEW9G72NFOV5EWPFPX9P";"Two yes or no questions about a photograph";"Two yes or no questions: Is it blurry? Is it high quality?";"image photograph quality assessment blur blurry computer vision";"$0.01";"Sun May 08 06:27:45 GMT 2011";"5";"";"3600";"604800";"Sun May 15 06:27:45 GMT 2011";"39";"";"2118D8J3VE7W7FZKBD73RCK84YZIYH";"A24O1Z2LQ1NEBS";"Approved";"Sun May 08 06:30:59 GMT 2011";"Sun May 08 06:31:20 GMT 2011";"Sun May 15 06:31:20 GMT 2011";"Sun May 08 00:34:54 PDT 2011";"";"";"21";"100% (33/33)";"0% (0/0)";"0% (0/0)";"http://www.artoonie.com/projects/imagesorter/data_dance/DSC_0477.jpg";"0";"1"
"2FNPQJQ9OPLLCZDRZSOGDKCOK8Y1Z0";"212RJ85OZIZEW9G72NFOV5EWPFPX9P";"Two yes or no questions about a photograph";"Two yes or no questions: Is it blurry? Is it high quality?";"image photograph quality assessment blur blurry computer vision";"$0.01";"Sun May 08 06:27:45 GMT 2011";"5";"";"3600";"604800";"Sun May 15 06:27:45 GMT 2011";"39";"";"247J51Y7QEOZULWPEDJTROFXLIPFCF";"A184H6C5UDLM8R";"Approved";"Sun May 08 06:38:51 GMT 2011";"Sun May 08 06:39:19 GMT 2011";"Sat May 14 23:39:19 PDT 2011";"Sun May 08 00:34:54 PDT 2011";"";"";"28";"100% (69/69)";"0% (0/0)";"0% (0/0)";"http://www.artoonie.com/projects/imagesorter/data_dance/DSC_0477.jpg";"0";"1"
"2FNPQJQ9OPLLCZDRZSOGDKCOK8Y1Z0";"212RJ85OZIZEW9G72NFOV5EWPFPX9P";"Two yes or no questions about a photograph";"Two yes or no questions: Is it blurry? Is it high quality?";"image photograph quality assessment blur blurry computer vision";"$0.01";"Sun May 08 06:27:45 GMT 2011";"5";"";"3600";"604800";"Sun May 15 06:27:45 GMT 2011";"39";"";"25SFK0COK2JEG9DMXL0LWW6OTF9RKZ";"A18BNK9C6966ZJ";"Approved";"Sun May 08 06:32:53 GMT 2011";"Sun May 08 06:33:16 GMT 2011";"Sun May 15 06:33:16 GMT 2011";"Sun May 08 00:34:54 PDT 2011";"";"";"23";"100% (11/11)";"0% (0/0)";"0% (0/0)";"http://www.artoonie.com/projects/imagesorter/data_dance/DSC_0477.jpg";"0";"0"
"2FNPQJQ9OPLLCZDRZSOGDKCOK8Y1Z0";"212RJ85OZIZEW9G72NFOV5EWPFPX9P";"Two yes or no questions about a photograph";"Two yes or no questions: Is it blurry? Is it high quality?";"image photograph quality assessment blur blurry computer vision";"$0.01";"Sun May 08 06:27:45 GMT 2011";"5";"";"3600";"604800";"Sun May 15 06:27:45 GMT 2011";"39";"";"2CBENLVWJ5OPQN4ST0ZYRWB78U61TJ";"A3BY7T9U69F9DZ";"Approved";"Sun May 08 06:34:33 GMT 2011";"Sun May 08 06:34:37 GMT 2011";"Sun May 15 06:34:37 GMT 2011";"Sun May 08 00:34:54 PDT 2011";"";"";"4";"100% (22/22)";"0% (0/0)";"0% (0/0)";"http://www.artoonie.com/projects/imagesorter/data_dance/DSC_0477.jpg";"1";"1"
"2FNPQJQ9OPLLCZDRZSOGDKCOK8Y1Z0";"212RJ85OZIZEW9G72NFOV5EWPFPX9P";"Two yes or no questions about a photograph";"Two yes or no questions: Is it blurry? Is it high quality?";"image photograph quality assessment blur blurry computer vision";"$0.01";"Sun May 08 06:27:45 GMT 2011";"5";"";"3600";"604800";"Sun May 15 06:27:45 GMT 2011";"39";"";"2SMUU00OQKKAJ5OPLTTU768081XWW3";"A16AKSCLSVCW9A";"Approved";"Sun May 08 06:32:12 GMT 2011";"Sun May 08 06:32:22 GMT 2011";"Sun May 15 06:32:22 GMT 2011";"Sun May 08 00:34:54 PDT 2011";"";"";"10";"100% (14/14)";"0% (0/0)";"0% (0/0)";"http://www.artoonie.com/projects/imagesorter/data_dance/DSC_0477.jpg";"0";"2"
"2YZRRLFQ0ONNAENYXIF9JGRBSTQRIP";"212RJ85OZIZEW9G72NFOV5EWPFPX9P";"Two yes or no questions about a photograph";"Two yes or no questions: Is it blurry? Is it high quality?";"image photograph quality assessment blur blurry computer vision";"$0.01";"Sun May 08 06:27:45 GMT 2011";"5";"";"3600";"604800";"Sun May 15 06:27:45 GMT 2011";"50";"";"2AGUQIHPCGJ2SP7LGXWXM0JPJXF177";"A3BY7T9U69F9DZ";"Approved";"Sun May 08 06:32:01 GMT 2011";"Sun May 08 06:32:23 GMT 2011";"Sun May 15 06:32:23 GMT 2011";"Sun May 08 00:34:54 PDT 2011";"";"";"22";"100% (22/22)";"0% (0/0)";"0% (0/0)";"http://www.artoonie.com/projects/imagesorter/data_dance/DSC_0478.jpg";"1";"1"
"2YZRRLFQ0ONNAENYXIF9JGRBSTQRIP";"212RJ85OZIZEW9G72NFOV5EWPFPX9P";"Two yes or no questions about a photograph";"Two yes or no questions: Is it blurry? Is it high quality?";"image photograph quality assessment blur blurry computer vision";"$0.01";"Sun May 08 06:27:45 GMT 2011";"5";"";"3600";"604800";"Sun May 15 06:27:45 GMT 2011";"50";"";"2AKPW1INMHGY5RP00B26GFMF9TW5IP";"A322Y8X2ZRM8KX";"Approved";"Sun May 08 06:34:45 GMT 2011";"Sun May 08 06:35:05 GMT 2011";"Sun May 15 06:35:05 GMT 2011";"Sun May 08 00:34:54 PDT 2011";"";"";"20";"100% (17/17)";"0% (0/0)";"0% (0/0)";"http://www.artoonie.com/projects/imagesorter/data_dance/DSC_0478.jpg";"1";"1"
"2YZRRLFQ0ONNAENYXIF9JGRBSTQRIP";"212RJ85OZIZEW9G72NFOV5EWPFPX9P";"Two yes or no questions about a photograph";"Two yes or no questions: Is it blurry? Is it high quality?";"image photograph quality assessment blur blurry computer vision";"$0.01";"Sun May 08 06:27:45 GMT 2011";"5";"";"3600";"604800";"Sun May 15 06:27:45 GMT 2011";"50";"";"2HUJENLVWJ5O4Y6V8HQ83MWB1JN0SR";"A3GR63KAHHUXKX";"Approved";"Sun May 08 06:37:19 GMT 2011";"Sun May 08 06:37:31 GMT 2011";"Sat May 14 23:37:31 PDT 2011";"Sun May 08 00:34:55 PDT 2011";"";"";"12";"100% (28/28)";"0% (0/0)";"0% (0/0)";"http://www.artoonie.com/projects/imagesorter/data_dance/DSC_0478.jpg";"0";"1"
"2YZRRLFQ0ONNAENYXIF9JGRBSTQRIP";"212RJ85OZIZEW9G72NFOV5EWPFPX9P";"Two yes or no questions about a photograph";"Two yes or no questions: Is it blurry? Is it high quality?";"image photograph quality assessment blur blurry computer vision";"$0.01";"Sun May 08 06:27:45 GMT 2011";"5";"";"3600";"604800";"Sun May 15 06:27:45 GMT 2011";"50";"";"2W0JIA0RYNJ9HAPHZ1WBRJTUB3U27Q";"A2SFJVVQBTZGTK";"Approved";"Sun May 08 06:32:24 GMT 2011";"Sun May 08 06:32:42 GMT 2011";"Sun May 15 06:32:42 GMT 2011";"Sun May 08 00:34:55 PDT 2011";"";"";"18";"100% (26/26)";"0% (0/0)";"0% (0/0)";"http://www.artoonie.com/projects/imagesorter/data_dance/DSC_0478.jpg";"1";"1"
"2YZRRLFQ0ONNAENYXIF9JGRBSTQRIP";"212RJ85OZIZEW9G72NFOV5EWPFPX9P";"Two yes or no questions about a photograph";"Two yes or no questions: Is it blurry? Is it high quality?";"image photograph quality assessment blur blurry computer vision";"$0.01";"Sun May 08 06:27:45 GMT 2011";"5";"";"3600";"604800";"Sun May 15 06:27:45 GMT 2011";"50";"";"2Y1Z6KW4ZMAZW4XOYGH0TNNVLMYG7M";"A1JRD82HD0LRTK";"Approved";"Sun May 08 06:29:47 GMT 2011";"Sun May 08 06:29:58 GMT 2011";"Sun May 15 06:29:58 GMT 2011";"Sun May 08 00:34:55 PDT 2011";"";"";"11";"100% (8/8)";"0% (0/0)";"0% (0/0)";"http://www.artoonie.com/projects/imagesorter/data_dance/DSC_0478.jpg";"0";"2"
"2C18EBDPGFL6AZVTCAINIWIOGOVH27";"212RJ85OZIZEW9G72NFOV5EWPFPX9P";"Two yes or no questions about a photograph";"Two yes or no questions: Is it blurry? Is it high quality?";"image photograph quality assessment blur blurry computer vision";"$0.01";"Sun May 08 06:27:45 GMT 2011";"5";"";"3600";"604800";"Sun May 15 06:27:45 GMT 2011";"3";"";"2CJCJK63ZVE3WE6H7J1QEJL5L8D9YQ";"AR0G5UWWA0BHI";"Approved";"Sun May 08 06:42:00 GMT 2011";"Sun May 08 06:42:13 GMT 2011";"Sun May 15 06:42:13 GMT 2011";"Sun May 08 00:34:55 PDT 2011";"";"";"13";"100% (39/39)";"0% (0/0)";"0% (0/0)";"http://www.artoonie.com/projects/imagesorter/data_dance/DSC_0479.jpg";"0";"2"
"2C18EBDPGFL6AZVTCAINIWIOGOVH27";"212RJ85OZIZEW9G72NFOV5EWPFPX9P";"Two yes or no questions about a photograph";"Two yes or no questions: Is it blurry? Is it high quality?";"image photograph quality assessment blur blurry computer vision";"$0.01";"Sun May 08 06:27:45 GMT 2011";"5";"";"3600";"604800";"Sun May 15 06:27:45 GMT 2011";"3";"";"2JJNDWIOV1S77A9A6HL18YDZ2S5IXB";"A184H6C5UDLM8R";"Approved";"Sun May 08 06:30:26 GMT 2011";"Sun May 08 06:30:40 GMT 2011";"Sun May 15 06:30:40 GMT 2011";"Sun May 08 00:34:55 PDT 2011";"";"";"14";"100% (69/69)";"0% (0/0)";"0% (0/0)";"http://www.artoonie.com/projects/imagesorter/data_dance/DSC_0479.jpg";"0";"2"
"2C18EBDPGFL6AZVTCAINIWIOGOVH27";"212RJ85OZIZEW9G72NFOV5EWPFPX9P";"Two yes or no questions about a photograph";"Two yes or no questions: Is it blurry? Is it high quality?";"image photograph quality assessment blur blurry computer vision";"$0.01";"Sun May 08 06:27:45 GMT 2011";"5";"";"3600";"604800";"Sun May 15 06:27:45 GMT 2011";"3";"";"2K5ZXR24SMEZEPSFXNE9Z8P9S860H6";"A24O1Z2LQ1NEBS";"Approved";"Sun May 08 06:36:08 GMT 2011";"Sun May 08 06:36:57 GMT 2011";"Sun May 15 06:36:57 GMT 2011";"Sun May 08 00:34:55 PDT 2011";"";"";"49";"100% (33/33)";"0% (0/0)";"0% (0/0)";"http://www.artoonie.com/projects/imagesorter/data_dance/DSC_0479.jpg";"0";"2"
"2C18EBDPGFL6AZVTCAINIWIOGOVH27";"212RJ85OZIZEW9G72NFOV5EWPFPX9P";"Two yes or no questions about a photograph";"Two yes or no questions: Is it blurry? Is it high quality?";"image photograph quality assessment blur blurry computer vision";"$0.01";"Sun May 08 06:27:45 GMT 2011";"5";"";"3600";"604800";"Sun May 15 06:27:45 GMT 2011";"3";"";"2W0JIA0RYNJ9HAPHZ1WBRJTUB3U72V";"A322Y8X2ZRM8KX";"Approved";"Sun May 08 06:40:49 GMT 2011";"Sun May 08 06:41:26 GMT 2011";"Sun May 15 06:41:26 GMT 2011";"Sun May 08 00:34:55 PDT 2011";"";"";"37";"100% (17/17)";"0% (0/0)";"0% (0/0)";"http://www.artoonie.com/projects/imagesorter/data_dance/DSC_0479.jpg";"0";"2"
"2C18EBDPGFL6AZVTCAINIWIOGOVH27";"212RJ85OZIZEW9G72NFOV5EWPFPX9P";"Two yes or no questions about a photograph";"Two yes or no questions: Is it blurry? Is it high quality?";"image photograph quality assessment blur blurry computer vision";"$0.01";"Sun May 08 06:27:45 GMT 2011";"5";"";"3600";"604800";"Sun May 15 06:27:45 GMT 2011";"3";"";"2YNR14IXKO2LOPNBPX1623YO6HDABR";"A2UC0CGDN7919I";"Approved";"Sun May 08 06:44:51 GMT 2011";"Sun May 08 06:45:05 GMT 2011";"Sat May 14 23:45:05 PDT 2011";"Sun May 08 00:34:56 PDT 2011";"";"";"14";"100% (16/16)";"0% (0/0)";"0% (0/0)";"http://www.artoonie.com/projects/imagesorter/data_dance/DSC_0479.jpg";"0";"1"
"20JLY58B727MF5MCXI41BYFSG27U9D";"212RJ85OZIZEW9G72NFOV5EWPFPX9P";"Two yes or no questions about a photograph";"Two yes or no questions: Is it blurry? Is it high quality?";"image photograph quality assessment blur blurry computer vision";"$0.01";"Sun May 08 06:27:45 GMT 2011";"5";"";"3600";"604800";"Sun May 15 06:27:45 GMT 2011";"46";"";"27ZH57DZKPFEJ1MAUED2AL8I3SX3DV";"A184H6C5UDLM8R";"Approved";"Sun May 08 06:37:30 GMT 2011";"Sun May 08 06:39:01 GMT 2011";"Sun May 15 06:39:01 GMT 2011";"Sun May 08 00:34:56 PDT 2011";"";"";"91";"100% (69/69)";"0% (0/0)";"0% (0/0)";"http://www.artoonie.com/projects/imagesorter/data_dance/DSC_0480.jpg";"1";"0"
"20JLY58B727MF5MCXI41BYFSG27U9D";"212RJ85OZIZEW9G72NFOV5EWPFPX9P";"Two yes or no questions about a photograph";"Two yes or no questions: Is it blurry? Is it high quality?";"image photograph quality assessment blur blurry computer vision";"$0.01";"Sun May 08 06:27:45 GMT 2011";"5";"";"3600";"604800";"Sun May 15 06:27:45 GMT 2011";"46";"";"2A85R98D8J3VTU2P5UEYHG3M6P5VFU";"A24O1Z2LQ1NEBS";"Approved";"Sun May 08 06:42:39 GMT 2011";"Sun May 08 06:43:06 GMT 2011";"Sat May 14 23:43:06 PDT 2011";"Sun May 08 00:34:56 PDT 2011";"";"";"27";"100% (33/33)";"0% (0/0)";"0% (0/0)";"http://www.artoonie.com/projects/imagesorter/data_dance/DSC_0480.jpg";"0";"2"
"20JLY58B727MF5MCXI41BYFSG27U9D";"212RJ85OZIZEW9G72NFOV5EWPFPX9P";"Two yes or no questions about a photograph";"Two yes or no questions: Is it blurry? Is it high quality?";"image photograph quality assessment blur blurry computer vision";"$0.01";"Sun May 08 06:27:45 GMT 2011";"5";"";"3600";"604800";"Sun May 15 06:27:45 GMT 2011";"46";"";"2CWSMEZZ2MIK1AFRLQ0Y88TWQ2FM5L";"AA3V5BYE3MSQW";"Approved";"Sun May 08 06:34:09 GMT 2011";"Sun May 08 06:34:23 GMT 2011";"Sun May 15 06:34:23 GMT 2011";"Sun May 08 00:34:56 PDT 2011";"";"";"14";"100% (6/6)";"0% (0/0)";"0% (0/0)";"http://www.artoonie.com/projects/imagesorter/data_dance/DSC_0480.jpg";"0";"1"
"20JLY58B727MF5MCXI41BYFSG27U9D";"212RJ85OZIZEW9G72NFOV5EWPFPX9P";"Two yes or no questions about a photograph";"Two yes or no questions: Is it blurry? Is it high quality?";"image photograph quality assessment blur blurry computer vision";"$0.01";"Sun May 08 06:27:45 GMT 2011";"5";"";"3600";"604800";"Sun May 15 06:27:45 GMT 2011";"46";"";"2IQ1THV8ER9YNGTHVNQSR5KFBXZP2J";"A2SFJVVQBTZGTK";"Approved";"Sun May 08 06:32:58 GMT 2011";"Sun May 08 06:33:13 GMT 2011";"Sun May 15 06:33:13 GMT 2011";"Sun May 08 00:34:56 PDT 2011";"";"";"15";"100% (26/26)";"0% (0/0)";"0% (0/0)";"http://www.artoonie.com/projects/imagesorter/data_dance/DSC_0480.jpg";"0";"2"
"20JLY58B727MF5MCXI41BYFSG27U9D";"212RJ85OZIZEW9G72NFOV5EWPFPX9P";"Two yes or no questions about a photograph";"Two yes or no questions: Is it blurry? Is it high quality?";"image photograph quality assessment blur blurry computer vision";"$0.01";"Sun May 08 06:27:45 GMT 2011";"5";"";"3600";"604800";"Sun May 15 06:27:45 GMT 2011";"46";"";"2KRHHRRLFQ0O2A1OU2BHT9EGLG4GPT";"A16AKSCLSVCW9A";"Approved";"Sun May 08 06:31:28 GMT 2011";"Sun May 08 06:31:35 GMT 2011";"Sun May 15 06:31:35 GMT 2011";"Sun May 08 00:34:56 PDT 2011";"";"";"7";"100% (14/14)";"0% (0/0)";"0% (0/0)";"http://www.artoonie.com/projects/imagesorter/data_dance/DSC_0480.jpg";"0";"1"
